id,name,nationality,city,latitude,longitude,gender,ethnic.group,age,english.grade,math.grade,sciences.grade,language.grade,portfolio.rating,coverletter.rating,refletter.rating,attendance,exam_degree,homework_submission_rate,participation_in_class,quiz_scores,study_time,motivation_level,stress_level,social_interaction,parental_involvement,access_to_resources,school_environment,participation_in_sports,art_music_participation,volunteer_work,sleep_quality,physical_health
0,Kiana Lor,China,Suzhou,31.31,120.62,F,,22,3.5,3.7,3.1,1.0,4,4.0,4,88,8.985541885270793,76.34225249777394,43.46271954559003,235.74822441005637,2,51.69816797891519,51.4338089270814,93.15466557888341,78.63992868770765,57.56571241944517,63.04244975296067,0,1,1,74.66535148052078,82.17957648257148
1,Joshua Lonaker,United States of America,Santa Clarita,34.39,-118.54,M,,22,2.9,3.2,3.6,5.0,5,4.0,5,78,6.0642905965959,70.11245939527313,67.45765973559874,330.40248278469153,3,71.4983517939465,31.85773333708567,10.97474277960977,2.8611564364698694,46.836252182537095,41.98245511690406,0,0,1,81.10347186537683,43.74825052806963
2,Dakota Blanco,United States of America,Oakland,37.8,-122.27,F,,22,3.9,3.8,3.2,5.0,3,3.0,4,64,0.0919705161662964,93.92370005014196,58.71786870571245,403.5145863098214,2,99.82731382917892,91.94953025581272,56.5489298700444,60.73277575299117,30.499867871738306,80.91991665422425,0,0,1,76.11783984123983,65.45403700930449
3,Natasha Yarusso,United States of America,Castro Valley,37.69,-122.09,F,,20,3.3,2.8,3.2,5.0,5,2.0,4,92,1.014715428660321,80.43414452221735,3.9618986223303843,339.58102082422397,3,56.72030910302549,48.19649388274412,35.20569954216918,3.003243880215556,51.83528714917149,26.102854889599858,0,1,0,63.88377603432556,98.46657807159318
4,Brooke Cazares,Brazil,São José dos Campos,-23.18,-45.88,F,,21,3.7,2.6,3.4,1.0,4,4.0,5,57,6.635017691080558,95.01402833068789,58.76916444283873,226.30773811900193,4,20.796880569309593,29.09772736423044,95.06766538918563,21.504349904093434,57.49880500360847,9.887294583344852,0,0,1,81.59870617659946,12.66919030697078
5,Rochelle Johnson,United States of America,Indianapolis,39.77,-86.16,F,,21,3.4,3.1,3.7,5.0,2,4.0,4,70,0.0506158384621868,93.89091700810198,31.63391928686511,423.05565789496836,4,36.37291348887882,9.330088383473377,65.39758338159972,43.120086447226136,98.87032212094589,29.736531256528053,0,1,1,77.1960256122302,99.96964186809318
6,Joey Abreu,China,Shenyang,41.79,123.43,M,,22,3.7,3.9,3.6,2.0,5,5.0,5,88,1.6080805141749863,79.03521678086895,75.46417261895233,286.84226587632463,3,54.60039051640727,41.833999186510106,51.81172732714692,86.21193073050317,45.91852044487512,86.68880128445514,1,1,1,14.694422824037456,37.06858221437168
7,Preston Suarez,Brazil,São Paulo,-23.47,-46.67,M,,22,3.8,3.7,3.6,2.0,5,5.0,4,68,5.487337893665861,74.14036242597444,43.8353346417338,370.31500835049496,1,72.06283017847397,16.11246727974538,25.77611407630458,70.96546193397003,54.433519324013304,96.08702639126527,0,0,0,11.139900093077914,64.94932364937141
8,Lee Dong,Philippines,Manila,14.6,120.98,F,,24,3.9,3.6,3.2,2.0,4,3.0,5,72,6.918951976926932,72.86397697332623,58.85237200488203,290.1609691469937,2,57.849496296347226,83.76481696650062,27.704126620113424,36.48534145276066,18.805987072148955,35.59407258364432,1,0,0,48.1123815824373,53.60479405430456
9,Maa'iz al-Dia,Turkey,Istanbul,41.02,28.96,M,,22,2.4,2.8,3.8,3.0,5,5.0,4,60,6.519612595026006,86.12230106381921,37.01396007970307,274.3718502696214,2,36.645391398640236,92.11151575268791,51.004719458891856,45.376415996662125,38.70970029942512,49.31405226601851,0,0,0,4.46004688290349,67.52087602278303
10,Maja Nicholson,United States of America,Dallas,32.78,-96.8,F,,23,3.4,3.5,3.2,5.0,4,2.0,5,60,2.242693094605598,74.72985030150504,90.41050358479046,438.55442782796433,4,1.5213819590510602,40.64472960322788,44.590968838600666,91.07699913066656,29.19475835860287,9.753315176897726,0,1,0,25.684799916819067,61.252409653528076
11,Sasha Jansen,United States of America,Chicago,41.85,-87.65,F,,21,1.7,4.0,3.6,5.0,4,4.0,5,73,7.121792213475358,96.08055632943227,92.5751043391416,287.12673507549977,3,99.63109727437103,86.09581299645377,98.98165448044874,9.358821525840211,40.89921757348917,55.51268375751509,1,1,1,66.2622020687182,48.73064866079018
12,Alexander Sherman,United States of America,Omaha,41.26,-95.94,M,,20,3.8,3.6,3.9,5.0,4,4.0,5,85,2.3724908749680007,98.20741043814887,80.04917409056074,468.6972198543267,3,96.32012124800883,47.81558253140575,64.47430591755221,32.4889572144571,1.204582986801006,57.54319777890914,1,1,0,63.152563678934214,6.528457731721904
13,Edgar Sanchez,Mexico,Tijuana,32.53,-117.02,M,,23,3.7,3.5,4.0,4.0,4,5.0,5,89,3.2539969815926773,71.8121472483144,58.028040961054074,344.37205501655836,1,30.043417491457646,13.802714762644241,90.12030297418741,26.554668122097645,37.95556094392389,36.340034465732366,1,1,1,81.85333203175752,77.78233580143038
14,Kolbi Strunk,United States of America,Mission Viejo,33.6,-117.67,M,,21,3.2,3.9,3.3,5.0,4,3.0,4,73,7.464914051180242,98.04176111192584,7.461403391852683,318.8876425328,1,78.76159096893059,42.83422385840676,36.44724648402272,5.369228517945146,91.51828370026978,18.361658800965387,1,0,0,10.52272020903009,1.8221769977455726
15,Brittany Sath,Japan,Tokyo,35.69,139.75,F,,21,4.0,3.9,3.7,3.0,5,3.0,5,52,6.496328990472147,90.58229023484505,5.6162517041495885,418.3013870593604,3,53.30375672210631,18.180076746722563,54.686883705186474,16.41083850877414,61.04558981880347,0.598934852399513,1,1,0,60.120874656225375,43.05312044258975
16,Meggan Smith,United States of America,Los Angeles,34.05,-118.24,F,,21,2.9,3.4,3.6,5.0,2,5.0,4,71,8.49223410494178,77.24167385010736,92.82908054684377,422.02249755373066,4,13.78370837128029,73.74020908163878,7.886146977817631,7.373050171349771,16.072120222953323,10.261729118543839,0,0,1,29.959661112033043,34.544286860072084
17,Ericka Arreola,Mexico,Mexico,19.43,-99.14,other,,23,3.1,3.5,2.8,4.0,4,3.0,4,51,6.576128923003433,99.40666192461921,47.08188886772739,313.6813164442199,2,5.814562303435178,0.11251911151547445,82.97803777528424,86.3259253223869,94.98450593619832,46.55900368977781,1,0,0,46.330565327535886,66.24180954436757
18,David Pulc,Canada,Toronto,43.67,-79.42,M,,24,3.9,2.9,4.0,5.0,5,4.0,2,73,5.683086033354716,83.25824530364031,21.101634333556728,439.53543735153346,2,97.21769065954207,5.7474201454923435,87.76807776817037,33.330016279691485,13.5806250317279,99.61675456504554,0,1,0,77.69522402777062,69.64876389970325
19,Kyle Luckey,United States of America,Moreno Valley,33.94,-117.23,M,,23,3.7,3.9,3.4,5.0,3,4.0,4,93,0.9367476782809248,98.52037623910101,64.92813685313763,420.17339717386767,1,3.3782466560069224,97.8338391147237,85.3439958117445,2.057468656221162,35.20562775270905,48.69441263491918,1,0,1,57.45851002235802,23.397556065339074
20,Rojesh Her,Japan,Tokyo,35.69,139.75,M,,22,3.8,3.6,3.6,2.0,4,4.0,3,79,3.677158030594336,91.51638071716505,8.750706965070954,328.6903973730599,3,93.50893122835838,29.869158942673614,12.175111157200092,57.145908165346306,96.18107527815934,41.99019547284587,1,0,0,84.76551337527117,98.68200939022567
21,David Weber,China,Peking,39.93,116.39,M,,20,3.9,3.9,3.9,2.0,3,4.0,5,87,2.6520236768172545,83.10794122274409,74.03488696101022,404.5893038224681,4,98.61861997274517,69.63494706157562,54.32537805384513,32.14950046450997,36.52704109215472,98.77438725016918,1,1,0,2.9331706295079085,86.68801986683235
22,Rachel Jambor,United States of America,Chicago,41.85,-87.65,F,,22,3.6,3.6,3.9,5.0,3,4.0,4,51,2.439896433790836,85.47449005944348,84.10825514663257,339.090500880411,1,50.43458589176927,58.94111230650696,81.20859894501012,35.14666931383796,46.229506097447185,62.08230060232716,1,1,1,27.47068339797242,72.74282339194318
23,Mus'ab al-Moustafa,Pakistan,Rawalpindi,33.6,73.07,M,,23,3.8,3.9,3.8,2.0,2,5.0,4,70,9.730105547524456,76.75321265999997,25.179623536662742,312.7597556807387,1,64.4960077898913,14.382461883570553,93.73596196384436,11.976289684818786,82.66484942316333,80.80012395279348,1,0,1,72.89918194428543,85.51189913586713
24,Sila Nguyen,China,Hebi,35.9,114.19,M,,23,2.8,3.5,3.5,4.0,5,4.0,4,82,3.930977246667604,88.56220872754344,2.0675203417138355,398.80123863396483,2,6.2518537020252225,38.827016924497315,3.1423222462072964,33.72383258364437,80.80913489514516,8.74268414266589,0,0,1,83.60062631904154,78.74731381414007
25,Samantha Hicks,United States of America,Santa Barbara,34.42,-119.7,F,,22,3.7,3.7,3.8,5.0,3,4.0,4,61,8.920465551771134,91.01388500188207,94.42773227774337,395.76934174868876,1,37.245159881594326,35.17604426994839,3.1692234023812937,60.38516133764955,80.31147239850512,49.18162428943681,1,0,1,4.497392831227143,53.8499948141423
26,Angela Harding,United States of America,Manteca,37.8,-121.22,F,,22,3.1,2.9,3.2,5.0,3,5.0,5,71,6.311386259972629,94.85221658705906,25.53751738253871,291.56155562270106,4,99.66452515290938,42.38178456186108,99.75450072961539,63.60008799618849,54.67826267305181,63.508999870132165,1,0,0,12.209296909883104,12.991082150776156
27,Brandon Barbour,United States of America,South Hill,47.14,-122.27,M,,21,3.9,3.7,3.3,5.0,4,5.0,5,93,7.948113035416484,88.36585486777237,59.7734298656552,466.62839407467845,3,69.81332241481647,12.948501784818756,15.392009162066833,78.84818039154821,67.1242640297065,30.747050568354297,0,1,0,62.50694379242836,8.251610878384142
28,Reilly Wagar,United States of America,Modesto,37.64,-121.0,F,,23,3.4,3.2,3.7,5.0,5,4.0,5,74,5.026370931051921,72.63388647898454,49.39002697849051,365.6000810247812,2,46.846835313709676,35.75273059479692,2.9640877438284807,69.86335164083974,80.0515819740273,55.743367077729566,0,1,1,96.71903466745464,84.93788060120355
29,Victoria Ibarra,Dominican Republic,Santo Domingo,18.47,-69.9,F,,22,3.4,3.8,4.0,4.0,5,5.0,5,98,5.769038846263591,80.66181223808873,65.53314796356202,438.85114568801225,2,64.56762562786228,64.09495968490111,75.24246304331207,43.48035845480407,13.275200018739518,37.91372226706067,1,1,0,13.483661532606172,49.362742184379115
30,Dakota Wirth,United States of America,Sacramento,38.58,-121.49,F,,22,3.4,3.9,3.6,5.0,3,5.0,5,76,4.925176938188639,70.11275244027891,64.88630256936511,424.1736756880259,4,70.87609478128536,84.08255111055392,87.48325823995233,28.322813187147233,91.29955586875515,87.7875189688639,1,1,1,2.5966064664645683,4.812737519635069
31,Lauren Klocker,United States of America,Los Angeles,34.05,-118.24,F,,22,2.3,3.9,3.8,5.0,5,3.0,4,91,1.952429877980445,77.92030389543065,66.26275755048157,315.9605294065753,1,3.354550964045866,85.24362011851817,37.24744688756954,53.15209544621349,82.05310624466871,78.02163313268603,1,1,0,78.91458354688996,70.58485648443154
32,Michael Benson,United States of America,Phoenix,33.45,-112.07,M,,21,3.8,3.7,3.7,5.0,4,5.0,3,77,7.224521152615053,99.50007505370496,86.19047839700016,476.2733576863124,2,38.720238589824774,25.424709004858915,31.125165879196302,86.6557248292292,87.94678826693125,33.646709404996564,0,1,0,28.294576349054346,88.68046815333801
33,Sean Rozga,United States of America,Los Angeles,34.05,-118.24,M,,21,3.4,3.8,3.6,5.0,4,5.0,4,65,2.807723624408558,97.86981623366367,93.36983059755865,427.3938613788212,1,56.81157970797152,0.6474960628712334,21.320235573700707,77.29259309163939,9.002213656409452,33.772868770591614,1,0,1,89.7696881800647,43.1535493740128
34,Cody Vermeylen,United States of America,Detroit,42.33,-83.05,M,,23,3.3,3.8,3.5,5.0,2,3.0,4,64,0.2431596643145384,84.31276856383651,68.71538492990713,330.5376935402647,3,26.260312099403816,66.72263578949736,35.991392675347036,14.208965318929124,84.59290774381813,88.08937566775154,1,0,1,30.689917546337707,69.01396343796493
35,Kinaana al-Jamail,India,Kanpur,26.47,80.35,F,,22,3.3,3.8,3.7,3.0,4,4.0,4,96,6.454722959071678,77.92179541339533,79.35260755998316,337.7956930417773,1,46.239222758453636,68.43464088617785,49.3866707912108,24.509748981719028,81.58929570903562,70.06277954677647,1,0,0,92.31036065271884,57.29013858741312
36,Daniel Garcia,Peru,Lima,-12.05,-77.05,M,,22,3.7,3.1,3.0,3.0,5,5.0,5,100,1.7711067940704894,83.09405592434365,78.92201937603149,342.035873309063,1,24.28685495303242,78.6859405932784,72.34904790328646,67.73119334120892,66.05806565941747,86.64218574180279,0,1,1,96.92908570703713,75.60373671373581
37,Katrina Saito,Japan,Tokyo,35.69,139.75,F,,22,3.8,4.0,3.7,4.0,5,4.0,5,93,9.404585843529144,85.05409784880385,64.88408371674456,389.6708773533212,1,4.2607722133494175,86.97616354952453,66.71945634146316,66.77901990048474,74.14819054517429,74.97092648351955,0,1,0,19.596895620058408,6.93561376878733
38,Joshua Galloway,United States of America,New York,40.71,-74.01,M,,24,3.3,3.3,3.6,5.0,4,5.0,5,52,9.539285770025874,77.70884395326708,89.28813953576508,305.8567702916258,1,75.51369680902407,50.17515451108151,61.106492385791086,98.1577045692607,2.894871456393411,65.85036048741986,0,1,1,84.19994838370378,53.97745862020834
39,Aylin Mendoza,Mexico,Mexico,19.43,-99.14,F,,22,3.0,2.3,3.9,4.0,2,4.0,4,86,9.148643902204483,73.42036873009468,65.1730307878929,334.1684158182631,2,46.09561729385385,92.09335810645237,0.336594055879913,54.85326282934945,36.02266334933072,19.805874656359514,1,1,0,81.14987523917395,91.81902436683949
40,Sharon Fyfe,United States of America,Los Angeles,34.05,-118.24,F,,22,3.7,3.0,3.8,5.0,4,5.0,4,100,3.701587002554444,96.83384465612176,46.890289126835846,365.12351604263193,4,14.789002865429811,13.820920022642847,90.4056395265505,40.81338363006686,83.04951112105178,1.3871000896826247,1,0,1,61.6003433091897,92.49386927602707
41,Afnaan el-Mohammed,India,New Delhi,28.6,77.2,F,,22,1.7,3.5,3.9,2.0,5,5.0,4,56,0.1545661652886742,84.25189452428594,74.84897584316525,331.33721772799026,2,50.65833162449176,39.0310230563199,4.708090504257112,5.448959165040812,25.11300869656312,92.40079836766806,0,0,1,53.00324022218451,89.68719076186068
42,Jesse Williams,Russian Federation,Moscow,55.75,37.62,F,,21,3.9,3.4,2.6,4.0,4,4.0,5,70,9.283185625877254,73.43711760601872,24.704681252525173,409.8771736408732,2,0.9192950271539324,39.23241992632525,88.42840189874404,99.29173115441317,3.842216008561028,89.0336328487595,0,0,0,68.3530399930856,85.46088778240546
43,Kenny Fukushima,Japan,Tokyo,35.69,139.75,M,,22,3.9,2.9,3.3,4.0,5,5.0,5,58,4.281841483173143,98.47417086090297,78.37754511220889,282.0915386884564,4,74.77343209342598,99.95942357331586,90.77334287496784,7.767073714352268,52.87797142354892,97.71404568956727,1,1,1,57.2540528148831,53.24490972139528
44,Tawnie Glaisher,United States of America,Fremont,37.55,-121.99,F,,24,3.4,3.2,3.8,5.0,4,4.0,5,88,9.666548190436696,78.05015192929619,49.91345937345621,317.3331597727205,3,72.62627236593899,82.49177117264362,96.14865352859054,10.22880152903689,55.24870999544107,71.73333674287365,1,1,0,31.815188870028354,46.38362245582231
45,Britany Stevens,United States of America,Lafayette,37.89,-122.12,F,,23,3.6,3.3,3.5,5.0,3,3.0,3,67,9.636199770892528,86.30606408817958,89.65640484626152,427.21819166163147,1,35.943695064929535,6.104948251763775,23.47751165439619,42.55799664068347,11.283977134515332,99.22469621453516,1,0,1,56.071743043225574,91.624910741482
46,Alan Trinh,Japan,Tokyo,35.69,139.75,M,,20,2.8,3.1,3.8,4.0,3,4.0,5,53,8.530094554673601,84.75217203225259,42.823008950079014,373.68718713737655,2,81.14952794412038,52.77781897567975,77.16986953575172,16.285763997060354,4.574958617649605,89.81694274625981,0,0,0,8.357141269790947,64.2657682514933
47,Zoe Kern,United States of America,West Jordan,40.61,-111.94,F,,22,2.1,4.0,3.4,5.0,4,5.0,4,74,2.944488920695857,88.07511565678075,45.70291295180816,327.2843964493785,1,42.27244401986868,87.47605521584629,80.34179039338132,30.267007589286344,95.09747118326227,43.79382987825138,1,1,1,98.19277721996347,30.469955205048237
48,Sidney Beavers,United States of America,Los Angeles,34.05,-118.24,M,,23,2.3,2.8,3.5,5.0,4,4.0,4,63,3.8509772860192526,76.86250444395529,35.20660012830895,400.99438990775474,3,51.997289579621444,86.37084087276654,19.678592216951806,89.41164601173105,48.39857146413269,70.14389155298961,1,0,0,95.19510689034799,27.640113594922376
49,Miriam Aguilar,Mexico,Mexicali,32.65,-115.47,F,,22,3.6,3.8,2.8,2.0,4,4.0,4,99,8.511366715168569,75.09532602624768,13.250856862253857,339.61226350647416,2,75.45343088553496,1.1763139805197387,9.957880264614605,2.064363232402322,2.2835891359726523,27.97694685309421,0,1,1,31.461637189426817,81.73744841306173
50,Issac Mata,Mexico,Tehuacán,18.45,-97.38,M,,23,2.4,3.1,2.7,1.0,5,5.0,4,58,3.1692200515627764,86.65767345071781,47.896079061108,274.64229193099186,4,70.87051017170884,9.793544336236081,66.33164070615699,8.864792992429027,81.39222819962136,6.208837077147944,1,0,1,1.9179328003120832,26.419877602535802
51,Hannah Uren,United States of America,Los Angeles,34.05,-118.24,F,,22,3.2,2.2,3.5,5.0,5,3.0,5,75,1.6949274668609249,92.05566780702833,5.8543012928117815,371.68498988322557,1,87.73419376468293,27.25732206133604,38.48498402523241,10.968689263650766,6.4143015304061635,63.80120716681785,0,1,0,94.87483039807361,55.50556494388626
52,Zachary Bradley,Spain,Madrid,40.41,-3.69,M,,21,3.5,3.5,3.4,2.0,3,5.0,5,51,5.568012624583502,71.51142479883879,18.16327883739398,307.92707351301516,1,46.959961774714166,11.962329003479722,25.82758356580912,48.54885153812525,73.58326846739772,60.124155591170236,1,0,1,83.99633325206453,91.05320065298255
53,Moira Buttitto,United States of America,Los Angeles,34.05,-118.24,F,,23,1.9,2.8,3.2,5.0,4,5.0,5,69,9.36154774160781,80.96146968418117,0.23029489568533457,351.6915027590242,4,45.69286821894063,35.92666888186664,29.02520739922401,16.5252063756961,59.617298481767214,51.53554508199319,0,0,0,77.00013061329163,5.5408839619158545
54,Nicole Humpal,United States of America,Walnut Creek,37.91,-122.06,F,,22,3.9,3.7,4.0,5.0,3,5.0,3,77,6.96029796674973,97.95107371594419,70.53644484398785,428.5138603406565,4,30.404009076493953,37.996004040170384,20.69774570480749,85.01820500874197,42.74067308629505,92.72610472369249,0,0,0,44.05331719687573,36.89438614007962
55,Georgia Williams,United States of America,Memphis,35.15,-90.05,F,,23,2.9,3.6,3.1,5.0,5,5.0,2,96,5.700611700893649,88.59105920317998,9.503819244761413,301.78180922178825,1,86.7121941343747,71.84020650959742,92.49054441032696,1.8601172731074311,44.0138598924558,57.31852277262721,1,0,1,97.26729335648405,34.36356236791338
56,Connor Ferry,United States of America,Charlotte,35.23,-80.84,M,,23,3.1,3.8,4.0,5.0,4,5.0,4,56,0.9717649377076854,75.98542775725382,81.91434473834198,350.8748611435606,2,22.75788058021063,48.90295168106134,76.36637325719143,6.252138338320856,84.18561562479732,10.59594686018488,0,1,1,62.89633712980064,45.33895804104684
57,Amanda Tatum,United States of America,San Diego,32.72,-117.16,F,,22,3.5,2.3,3.7,5.0,4,5.0,4,93,6.150072266991698,94.1259014040685,20.23189566389241,355.9237592319982,3,4.823210436498771,37.461038695205836,75.95590720448884,15.920146351069464,41.19835728562427,94.75871306449434,0,0,0,67.31101471777815,95.20446809598546
58,Cameron Steinberg,United States of America,Los Angeles,34.05,-118.24,M,,20,2.1,3.9,3.9,5.0,5,5.0,5,57,9.900538501042632,70.35208168783082,77.11277771480337,394.1871544333089,1,89.00094743552654,36.563938262185204,23.354630952011068,76.89429956527162,57.67130507645102,43.40854214265918,1,1,0,82.19286937571675,67.0240183111015
59,Shuraih el-Karim,Pakistan,Khalabat,34.06,72.89,M,,22,3.1,2.1,2.3,4.0,4,4.0,4,96,1.4008401523652405,72.76148240955533,38.200793135974095,291.3343715317679,1,49.940290817177335,49.8779351859961,76.58879344117462,30.6573936699287,78.17458242742728,27.63783011904889,1,1,0,68.18509037633672,36.51769071594584
60,Katelyn Sharp,United States of America,Los Angeles,34.05,-118.24,F,,20,3.9,3.7,2.8,5.0,5,3.0,5,84,5.183296523637368,85.05573618017206,27.366698316141335,432.8312248555861,4,34.04338071542837,92.19141817839085,5.410729217289956,62.040441771009256,39.302213014495344,16.920546302881533,0,0,0,97.11426579862591,17.772223555563592
61,Colin Lemont,China,Shanghai,31.05,121.4,M,,21,3.6,4.0,3.1,4.0,4,5.0,4,63,8.773730719279554,89.82184115519561,58.59706163695429,331.21631116022513,1,56.339400870331545,37.1861505198682,37.80564229398763,68.85594662486177,60.34534447327573,66.6196826941046,1,1,0,27.44902496338947,50.13618822719378
62,Donald Nevins,United States of America,San Jose,37.34,-121.89,M,,23,3.6,3.4,2.8,5.0,2,4.0,4,66,7.407686177542044,74.5474825985211,45.20230249674749,354.5061175058478,1,64.44489901996427,96.23793472427904,4.329098594625059,73.88866392047284,19.74871796582216,52.26576864540693,0,1,0,66.44309042312814,38.326541978778806
63,Macaela Kadillak,United States of America,Los Angeles,34.05,-118.24,F,,20,2.7,3.3,3.3,5.0,4,1.0,4,85,6.97015740995268,91.95450748491444,81.2201763175656,404.02700186552545,2,34.44255912923582,78.04484917084625,39.06895195264152,90.55464610135566,64.07421641464485,10.382405484700975,0,1,0,71.31515283523389,57.07967743266895
64,Brittany Pratt,United States of America,San Diego,32.72,-117.16,F,,22,3.0,3.1,3.1,5.0,3,4.0,4,99,7.024840839871093,78.39151433847617,51.09382610432773,306.31081333062235,2,91.07529184276353,71.59215970452726,56.98529377225838,21.017122067276027,94.65765759861458,97.26336824396193,1,1,0,50.795486666920496,5.690729656335892
65,Cameron Hancock,Poland,Warsaw,52.25,21.0,M,,21,3.9,3.8,3.0,3.0,4,3.0,4,89,3.594911512197552,91.69117144765264,28.289428481725032,401.85968119417583,1,86.03353595058593,96.8794908472659,78.14452731675527,70.33107575979312,9.651952211503767,75.22205788273283,1,1,1,11.57813932602213,70.42108297398048
66,William Grevious,United States of America,Stockton,37.96,-121.29,M,,22,3.4,3.4,3.1,5.0,3,5.0,5,53,2.9359184426449336,98.23970515362394,98.04077383899961,429.8363721602526,1,25.575812347999527,95.23484912917002,8.343951654941439,46.36114444626834,31.740981365711683,14.55910255499312,1,1,1,91.42242765911071,5.112233718677728
67,Lindsey Job,United States of America,Los Angeles,34.05,-118.24,F,,23,2.7,3.7,1.8,5.0,4,5.0,4,51,8.093611554785136,91.57248518828142,14.248301218188232,300.0273951233438,1,57.73774600809685,96.90568696684315,39.33888348879526,92.06920541900276,83.53816692623819,5.0918941752326585,0,1,0,73.6015000836648,84.97607636942871
68,Gabrielle Smith,Korea (Republic of),Seoul,37.6,126.98,F,,23,4.0,3.0,2.8,3.0,2,2.0,4,55,8.101133946791808,95.33432875440431,33.83359712175984,315.51041398241307,3,99.29747207918682,70.53657659919448,51.25469733312108,41.10167038444441,54.215323681665815,94.92473272502458,1,1,0,60.02966355323237,67.02981139963354
69,Allison Brink-Lomme,United States of America,Portland,45.52,-122.67,F,,24,2.8,3.6,4.0,5.0,4,3.0,1,91,8.670723185801037,82.636998488915,22.728293725472515,376.82756545420534,3,57.51075956011113,26.423386522290716,49.574125657848796,45.14156700584005,29.030748504547066,44.52992439805071,0,0,0,29.320247667969635,5.725745372073221
70,Sheyenne Delgado-Manzanares,Cuba,Manzanillo,20.34,-77.12,F,,21,3.9,2.8,3.2,3.0,4,4.0,5,53,9.132405525564714,84.46251215083917,18.82642777550344,333.3133986469489,4,96.2901891714804,88.248339807929,34.43114554549276,80.28124373876875,83.95566539057047,0.013257322623838608,0,1,1,56.05348564574394,47.61098700321025
71,Joseph Smith,United States of America,Sacramento,38.58,-121.49,M,,21,3.7,3.7,2.8,5.0,5,4.0,4,78,5.113423988609378,99.50079453365616,75.50289404034535,336.53654578098417,4,25.38241953109034,85.35194261033485,16.82325580805133,8.672876249764228,47.88806968424863,79.53716647011908,0,0,1,71.33234100544458,49.30476549986758
72,Fikra al-Mina,India,Bombay,18.98,72.83,F,,21,3.1,2.4,3.3,3.0,1,5.0,4,67,5.015162946871996,73.99347661351477,82.00245352701859,275.7018601613762,2,96.21996120009003,29.691208994542883,3.8101135971225553,23.850796039195068,50.587261496451475,73.21070854043873,0,1,1,7.217667847343234,29.476167320356073
73,Aurelia Davis Ingham,United States of America,Roseville,38.75,-121.29,F,,22,3.8,2.2,3.7,5.0,4,5.0,5,75,7.982951789667751,91.05817671831926,82.92464990392632,301.286154886599,1,86.29666766590435,26.93739161548625,57.9687910942072,78.19232292172397,73.99643168645575,55.47434325377695,0,0,0,77.0327057960834,73.57441116925503
74,Taylor Elstun,United States of America,San Diego,32.72,-117.16,F,,21,2.3,3.7,3.6,5.0,5,4.0,5,93,6.499639307777652,93.7965710154961,83.27214420965642,416.0273327385494,4,89.9579571839127,32.7715098637448,4.3480037730471714,81.74388568175505,98.18451279387638,26.974062842139336,0,0,1,11.954817415374963,82.78374179153867
75,Joseph Snider,United States of America,Los Angeles,34.05,-118.24,M,,21,3.2,2.6,3.0,5.0,5,4.0,5,83,7.019668772577034,81.95882649395043,70.54457492652746,307.2179097444599,2,70.54690293992097,26.683766570160717,83.15309828040968,72.71569574488446,11.09423568667931,76.67360433996919,1,0,1,21.930383861228396,25.909145576270586
76,Sourinthone Tran,China,Wuhan,30.58,114.27,M,,21,3.5,3.9,3.4,4.0,4,4.0,5,59,7.95792669436101,83.75834801644507,49.60044243058108,337.27964039573266,3,86.43070806341538,50.445375852550775,10.112214481373549,22.169923028274884,50.42863763606593,6.444361486536232,0,1,0,92.3357213975747,18.52958325780093
77,Ibrahim al-Sawaya,Tunisia,Manzil Tamim,36.78,10.99,M,,23,3.5,3.1,4.0,4.0,5,3.0,3,85,8.900053418175663,90.76234702975023,1.344088174801572,301.1203569195851,4,75.71364743498333,49.3062208519348,71.78620459866501,19.451669362715464,13.43822503316371,52.79960693808688,0,0,1,22.003997961111633,92.28339095164615
78,Alexandra Levy,United States of America,Los Angeles,34.05,-118.24,F,,23,3.1,2.5,3.7,5.0,4,3.0,5,63,3.379951568515358,94.57089227354437,56.78571378065672,351.28378516285863,1,14.68073247919378,60.827899866798504,73.30962162213707,65.36277898934908,43.39958367144005,40.62923646029538,1,1,1,10.445737990994797,17.22328993124682
79,Macie Nguyen,Japan,Tokyo,35.69,139.75,F,,23,3.1,3.8,3.8,4.0,2,4.0,3,80,3.75582952639944,81.0379249754545,79.58438100191123,326.85663886918326,4,23.45000506876278,81.98729343435731,3.108700597605474,6.963465954476533,86.91122437742777,59.42186472621174,0,1,0,77.18049376995982,22.773656755718395
80,Sean Tegtman,United States of America,Kettering,39.69,-84.17,M,,25,3.7,3.8,3.8,5.0,3,4.0,5,97,0.93981939840869,84.77064018619724,92.99232611959314,398.9468542013268,4,6.078296522333737,0.5439536859558225,23.725249055413332,88.43844020688289,54.088815872779826,13.007147410975895,0,1,0,27.909344270283963,3.0371073615218513
81,Casey Vanden Bos,United States of America,Los Angeles,34.05,-118.24,M,,22,2.7,2.6,3.3,5.0,5,5.0,4,64,5.78280140996174,95.39422144311416,96.6050397793384,355.9968064308013,1,24.830357263773983,17.243807100026764,67.35773479361406,41.744979383798295,39.26594795951187,60.467515172050604,0,0,1,38.00724644662926,5.939442214158996
82,Staci Maes,Mexico,Mexico,19.43,-99.14,F,,23,3.4,2.6,3.9,2.0,5,3.0,5,57,0.3594227379674208,88.02353341165097,51.565841755743655,271.59468534706707,1,54.07232345015609,92.95443494468782,55.50358605091412,75.42563537822808,70.17943594908228,33.43275094275824,0,0,1,32.444423204275395,79.5042216763019
83,Luke Davey,United States of America,Los Angeles,34.05,-118.24,M,,26,3.8,3.4,3.7,5.0,4,5.0,3,63,4.655980181324601,85.81629574123316,49.04000111028658,431.7302874266599,2,56.61111696871235,54.41709596353209,63.90719330497073,32.982622177638746,22.425779885410122,47.92665611650162,1,0,0,37.433915097642235,33.571178522412936
84,Harper Wheeler-Marques,United States of America,San Diego,32.72,-117.16,F,,23,3.9,2.4,3.9,5.0,5,4.0,2,72,5.426446347075766,76.64076575725042,54.90257702451859,421.271450413034,2,22.528902980471255,46.72259507132883,73.99017370476267,29.308551690766983,73.99403310452635,48.624749651572905,0,1,0,34.40740205438326,51.62472519227476
85,Sherleen Saravanan,Myanmar,Rangoon,16.78,96.17,F,,22,3.1,3.4,3.7,3.0,4,3.0,5,89,2.865412521282844,74.04526963322179,21.460330911599858,388.0250697027637,4,93.2990300658295,50.407527438982015,79.19703685340025,59.081642984782846,44.49854231748668,25.380946833534658,0,1,1,71.75716557017122,35.964578488084086
86,Myles Vaught,United States of America,Waukegan,42.36,-87.84,M,,21,3.4,3.8,3.9,5.0,3,4.0,4,70,5.908332605690108,84.74370143924781,77.71731524551187,437.22160548637,4,8.231943989624869,51.083009481027815,30.079129740774857,77.35497641367392,69.7134766519995,89.9183650621819,0,0,1,66.49658479633345,42.76684602447892
87,Juan Guerrero Camacho,Mexico,Mexico,19.43,-99.14,M,,21,2.8,3.7,3.5,2.0,4,4.0,5,65,0.3050024993904943,94.27882856151311,75.48246760480541,274.9115053346285,3,15.239772011800856,3.5808661922765217,11.17011524929672,21.859548661426853,13.538121241637946,38.521081448408026,0,1,1,8.028224817551244,66.47593254151082
88,Lindsey Freund,United States of America,New York,40.71,-74.01,F,,20,3.3,2.3,3.9,5.0,3,5.0,5,94,0.3734818874921441,79.39375753757547,55.31286855966312,299.4294682817984,2,57.53665927997115,6.502195097569141,68.68453358942666,85.1799183288265,50.858782062898555,41.168179774935844,0,1,1,50.397935377539746,58.603181010227736
89,Savannah Clark,United States of America,Visalia,36.33,-119.29,F,,20,2.8,3.5,2.6,5.0,3,4.0,4,67,8.226005606596583,97.13336772568898,61.5426188208976,306.28045970269994,1,67.94231084017058,73.75419379946274,67.46587078235132,68.28782391165727,46.05355438550649,51.408634042499514,1,1,1,51.910007507296704,22.326612673965364
90,Bradley Monsell,United States of America,New York,40.71,-74.01,M,,22,3.0,3.9,3.1,5.0,5,2.0,4,96,3.601906414112629,94.38981646825704,20.710996371447276,394.8164809682528,2,7.00620063281332,16.565653438404592,49.317338339628094,37.09234361703424,4.5272298532228135,68.49999638600299,0,1,1,53.312993740582584,58.21515279620269
91,Daisha Schmidt,United States of America,Boulder,40.02,-105.27,F,,22,3.7,3.9,4.0,5.0,5,4.0,4,73,1.2706051265188478,82.7965497927911,9.037747141219043,352.975989634714,1,16.326906628027327,10.5953474180159,76.46680784612626,85.86563065275493,92.2327189491055,39.84927013097885,0,1,1,82.29493457616269,34.443115940767875
92,Airabella Koontz,United States of America,Dallas,32.78,-96.8,F,,22,2.7,3.3,3.4,5.0,4,5.0,4,75,5.222432600548044,78.43574378031872,16.477687712835564,375.02578594538994,4,98.82215987997662,19.05834992897337,41.99509687892679,38.41438187598051,8.207209695435546,86.47369494838092,0,0,0,38.78702819556415,14.390378388356817
93,Hailey Malle,Russian Federation,Nizhniy Novgorod,56.33,44.01,F,,22,3.7,2.5,3.2,2.0,3,3.0,5,74,7.699935530986108,71.46621258547052,95.92551825336876,331.3751180023214,4,87.86974820488703,73.38200718447435,35.6084495016199,16.07192076780709,63.93109185776781,75.84174729972361,0,0,1,9.704051006954073,34.39308677665228
94,Devon Miranda,Colombia,Pereira,4.81,-75.7,M,,20,3.7,3.7,3.8,1.0,5,5.0,5,94,2.1582102749684315,81.30888997245303,82.79735596132323,327.6952224322304,3,90.43949042776521,49.175744287785065,66.144615810504,0.3055082645006868,89.45352943681092,1.3822836363995061,0,0,0,19.170750665158963,14.480236848020823
95,Danielle Nguyen,Japan,Tokyo,35.69,139.75,F,,23,3.3,3.5,3.6,3.0,5,4.0,4,90,6.228904758190002,91.93117063165184,98.76920633769424,387.76617063568136,2,84.87089510638182,27.79739619352537,97.69234307926695,4.887654594035517,72.33970042595921,98.98942400549691,0,0,1,98.52041083195834,15.729694853051813
96,Mateo Cisneros,Brazil,Foz do Iguaçu,-25.55,-54.58,M,,23,3.0,3.4,2.9,4.0,4,4.0,5,78,0.85347464993768,71.3906020592459,79.14025432192365,371.9225825971804,3,76.88962742115453,60.98354032016786,18.228250578619765,57.302658289911804,29.135697284394034,69.46754777637332,0,1,0,54.5771770780378,48.55899185012302
97,William Pablo,Japan,Kashiwara,34.58,135.62,M,,24,2.9,3.3,3.1,4.0,2,5.0,4,64,0.516817211686077,77.38702126749892,50.557649699951234,327.11487257843714,2,68.39742145001345,21.01568846920612,37.23700198247551,3.589944226371078,21.02339944782998,25.901702122818758,1,0,0,82.11286996527323,25.10672203249871
98,Jason Hundsdorfer,United States of America,Los Angeles,34.05,-118.24,M,,20,3.9,3.9,4.0,5.0,3,3.5,3,94,5.31354631568148,90.28076096316305,32.54749607269818,417.0641155452712,2,95.10499993712364,69.33871004350463,1.048497651063529,2.2181816328483817,92.45944051804945,17.79664732984747,1,0,0,48.386094196571584,22.578645412484544
99,Antonio Desai,Japan,Kawasaki,35.52,139.72,M,,22,2.2,3.9,3.9,3.0,5,4.0,5,50,5.406351216101065,96.71053723232875,43.702464901740655,308.3570005320548,3,10.266111478926621,32.42554977930846,33.17989178936534,0.1572612427419795,58.02675349664626,23.636946686256664,0,1,1,64.2639936711592,73.21316295486665
100,Rachel Bakeman,United States of America,Phoenix,33.45,-112.07,F,,24,3.9,3.7,3.8,5.0,4,5.0,3,74,6.374299014982066,92.0107447183619,65.7159516770159,393.5029850279925,1,72.33580692432669,2.5513068283058327,49.73558538345502,26.178280984696013,70.3285633690922,50.91078247988726,0,0,0,42.519950260829646,97.83061248793969
101,Mamdooh el-Moustafa,Pakistan,Karachi,24.91,67.08,M,,22,3.3,2.8,3.9,4.0,4,4.0,4,56,7.260913337226615,95.18154835859922,6.340996132888732,379.5639491994354,4,98.74710245266162,45.946946546715274,68.46439594093954,54.90800863950628,23.95035905544144,74.42628404248916,0,0,1,80.1193319993643,59.65683763075638
102,Lindsey Carter,United States of America,Redwood City,37.49,-122.24,F,,24,3.2,3.9,3.9,5.0,2,4.0,5,58,9.758520794625346,92.45540812181798,22.872055143991744,421.6582423301969,3,86.18781379274468,13.070595895665615,7.505082819502318,73.51389748877008,3.8769551926877366,14.572600560917405,0,0,0,7.636787773466724,87.41806812350632
103,Duncan Kruse,United States of America,Santa Ana,33.75,-117.87,M,,23,3.7,3.8,3.7,5.0,1,5.0,4,73,5.163003483011953,70.75643552737075,43.25466155352468,365.33091341504104,1,84.44146364937296,65.85201482145402,18.544700266334157,32.27239795808068,18.490570473179492,54.642439047082306,1,1,0,37.134325318495996,44.682306982587605
104,Callahan Foster,Canada,Toronto,43.67,-79.42,other,,22,3.2,3.0,3.9,5.0,3,3.0,5,50,3.22956472941246,85.5144927103325,40.60082861968637,419.9401730556809,2,26.741542054876522,12.573344258215302,65.53338378035286,11.167313572914484,65.63939230305922,95.51590328043503,0,0,1,88.9363218365263,2.160066745612399
105,Jamie Ortiz,El Salvador,Nueva San Salvador,13.68,-89.28,F,,23,3.3,2.9,3.5,3.0,4,4.0,4,93,7.9518619476870365,79.72608101903455,24.809152218550533,369.99945388701855,1,90.21932466802576,57.34901993749734,0.9632056559169766,63.971550379229534,12.079216536459004,55.789522547361415,1,1,0,90.95344947112939,27.547255791712068
106,Ryan Barrett,United States of America,Chicago,41.85,-87.65,M,,20,3.7,3.2,4.0,5.0,5,4.0,1,57,2.708322512620742,82.85705191950328,24.057691506973867,460.0067832489355,1,9.193403438442726,29.681109221171475,85.0606202351333,80.69029573015561,86.54160407156137,79.44973204545335,0,0,0,18.546461054452113,17.96162597109623
107,Samuel Palmer,United States of America,New York,40.71,-74.01,M,,22,3.9,3.3,3.3,5.0,5,4.0,2,73,4.389714207056361,93.05824507058185,82.23460860453613,385.583825357573,3,2.557916102853963,15.632226061132194,52.15044475245957,31.911860938419466,53.705386133237475,23.72127013268456,1,0,0,2.4918933740756044,38.680870515605456
108,Riley Mcloughlin,United States of America,Los Angeles,34.05,-118.24,M,,23,3.6,3.6,3.3,5.0,5,4.0,4,60,0.7845638134226596,91.91977179818764,42.526943165330366,459.27897997205815,1,28.155730512313138,88.85322962591277,11.273650138960756,30.78060197648095,55.90435027500129,83.58067587276099,0,1,0,18.09895327915082,95.70899222339713
109,Aimee Apelyan,United States of America,Joliet,41.52,-88.08,F,,24,3.3,3.8,3.8,5.0,4,4.0,4,100,0.2535074341545751,74.62871277798646,99.45594860359152,399.4314479748145,2,67.45652093808151,35.83387445739877,59.01439148975825,30.24636090864049,24.977307546606063,71.70141855414288,0,1,0,63.84552966730376,54.61558551877882
110,Maryah Falloon,United States of America,Phoenix,33.45,-112.07,F,,23,3.9,3.7,3.9,5.0,3,4.0,5,66,9.626484146779251,81.20864704631387,40.02166227985819,349.61718202316865,1,96.4520085237169,63.3220315295891,25.558546178630102,19.35252117933146,2.0298725426153963,72.05263174732329,1,0,1,65.32749816797681,99.03241086123195
111,Lucille Mitchell,Canada,Edmonton,53.55,-113.5,F,,22,3.5,3.6,2.6,5.0,5,4.0,4,57,8.359801205122059,74.62668894494212,22.97802855326667,433.1746144222166,1,49.257154073315924,84.86046156623806,25.637115634320395,57.873361546655154,3.472232794136476,38.23304849308631,0,1,0,72.46439949123582,26.676279221804567
112,Christian Zambrano-Munoz,Mexico,Mexicali,32.65,-115.47,M,,23,3.1,3.9,3.6,4.0,4,3.0,4,84,6.95974206093698,76.63241595310436,39.78262094421685,405.9233595825635,4,85.74350884244399,22.161821125531635,26.353411579183593,13.022765519702384,20.517919544267738,8.400522727738736,0,0,1,24.711310462416037,29.423860831272098
113,Bryce Vaillancourt,United States of America,Pomona,34.06,-117.75,M,,22,3.7,3.8,2.1,5.0,4,5.0,4,84,4.089529444142698,78.90843039637994,91.72224892779151,328.206457305394,4,81.17895343824118,49.51922086152014,67.86813433978097,6.935498316792366,4.562696603310035,79.87147234114657,1,1,0,66.84736846707628,34.11144383534395
114,Brandilyn Collins,United States of America,Los Angeles,34.05,-118.24,F,,21,3.6,3.0,3.3,5.0,4,4.0,4,82,1.7329432007084578,87.24809816130542,38.09480261222645,350.9535980645733,3,63.229262418038566,47.66725109473106,90.47463862172216,98.70143927010947,93.33856608747232,36.492035656285246,1,0,0,93.11905566854156,50.52732313372941
115,Konner Gearhart,United States of America,New York,40.71,-74.01,M,,22,3.9,3.7,3.3,5.0,4,3.0,3,54,1.5643704267108605,94.84204780228023,47.06443522556122,348.57298806548397,1,88.01587422894028,95.8678275645255,97.07679922132884,49.00764243382253,63.38945688135033,37.98074469762987,0,1,1,99.95350094669631,86.75011604613047
116,Andrew Houghton,United States of America,Spokane,47.66,-117.42,M,,22,3.2,3.2,3.8,5.0,2,4.0,5,91,2.502428981645953,87.69136653605446,15.241373964576521,359.40260952825406,2,10.840320420114658,2.4740506721485755,16.439238597020744,46.92867516490179,72.46343249213344,90.69618921600667,0,0,0,29.266019552295752,47.51576434593543
117,Marisa Ramey,Mexico,Mexico,19.43,-99.14,F,,22,3.2,4.0,3.8,4.0,3,3.0,4,88,5.4922666470612045,76.76749102857428,89.4472814523009,312.9104827113527,2,58.89284172936308,95.81640278988085,47.44699569382055,21.345159098903476,52.20035501763911,34.848250371406344,0,0,0,79.69014956130472,89.32611628412329
118,Magdalynne Noah,United States of America,New York,40.71,-74.01,F,,22,3.2,3.8,3.8,5.0,3,4.0,4,90,7.145959227000623,85.55983715598246,87.95697260713438,394.4400307213707,4,11.796461104897094,78.26846859115855,27.64183750897199,38.83752729571419,75.62820521439782,63.916062293261014,0,0,1,96.66528419163855,89.02524037286751
119,Megan Salamena,United States of America,Los Angeles,34.05,-118.24,F,,23,3.9,3.9,3.1,5.0,4,4.0,5,77,6.601973767177313,86.55435377239377,94.04691809822975,435.62776113377083,3,59.67523251972702,44.49540779299929,22.41682184474084,2.3525486037333843,13.650319355183571,2.966549360290116,1,1,1,12.992259854757593,4.662345051382111
120,Meghan Arnold,Russian Federation,Saint Petersburg,59.89,30.26,F,,24,4.0,3.9,3.3,3.0,5,3.0,3,56,2.7993389694594284,99.10804019610745,98.9956450674556,329.5568922876036,1,13.360811470157142,4.794009963416479,30.73947848203774,28.10626339496608,30.80428419207705,17.482127593863062,0,1,1,68.64771331024622,85.31975595976392
121,James Rice,Canada,Toronto,43.67,-79.42,M,,20,3.9,2.4,3.6,5.0,4,3.0,4,58,9.54865280663194,94.84122491415745,6.696436552827068,302.9628019622565,4,49.63489673294148,66.54418361475865,10.298973953347634,13.094778396266825,35.26507679192902,91.40217040334991,0,1,0,72.52608016622345,20.20146724281503
122,Wesley Nunn,United States of America,Los Angeles,34.05,-118.24,M,,23,3.9,4.0,2.1,5.0,5,5.0,3,57,7.378969166957685,89.05477914879198,62.013790342370164,376.3382957800962,3,67.70898917994886,0.9293624882987794,66.3639269541059,4.74399196848535,32.478167393448075,19.677680747782812,0,1,0,31.41980231982443,21.333677864093826
123,Gareth Newkirk,United States of America,Los Angeles,34.05,-118.24,M,,21,4.0,3.2,3.9,5.0,4,5.0,4,61,5.543540525114007,86.24128439039865,75.95722630317731,396.0304253183979,2,5.1758168114918295,78.67785431922655,51.69234368753016,88.32110260838698,58.30745673354731,47.415464253216086,1,0,1,93.93130926096607,70.06566356891028
124,Austin Harline,United States of America,Las Vegas,36.17,-115.14,M,,21,2.8,3.8,3.8,5.0,5,5.0,4,83,6.117207462343522,71.81306336799692,81.00960911734933,431.2493223892568,3,14.005970350480402,98.55071170168476,21.82693925339413,13.575580504088835,61.98170742900682,66.89495370155635,1,0,1,76.02486004201178,91.14230490614989
125,Courtney Martinez,Mexico,Aguascalientes,21.88,-102.3,F,,20,3.7,3.7,3.7,3.0,4,5.0,5,82,4.196000624277899,84.10366791091923,36.98533530775309,390.2429002256286,1,30.83119725350054,87.40340784500921,65.43705952016771,99.50693508739616,35.32907969826271,29.41289165616038,0,0,1,45.4702980664999,30.463933871447768
126,Alexandra Graham,United States of America,Los Angeles,34.05,-118.24,F,,22,3.4,3.5,2.8,5.0,4,3.0,5,97,2.4773098950115746,74.27044210945337,53.62977894253325,316.46296153754486,3,55.82210338235949,0.20695513100422724,33.551221143559864,85.54766493719787,99.04013129294026,27.87764854307112,0,0,0,49.60506508608421,80.89850949181634
127,Alexander Swearingen,United States of America,Los Angeles,34.05,-118.24,M,,22,3.9,2.8,4.0,5.0,3,4.0,4,72,3.559726786512616,92.60829047241413,92.63289260778835,450.01498661354236,1,33.5034413422881,1.1009556510520824,8.704749527012922,98.87803528288313,24.507260520162667,56.9719469054282,0,1,1,25.713303920106124,7.036293378787962
128,Brandy Waldner,Germany,Zülpich,50.7,6.65,F,,20,3.2,3.5,3.9,3.0,5,5.0,5,73,7.578461104643691,82.97935807236925,1.4897175340986335,345.00021745172063,4,31.510249566383596,22.041767528894795,40.88627863522605,26.79985235766722,73.77989061335884,69.94003466611463,0,0,0,87.5859105108001,5.370781367245558
129,Coleman Keelen,Spain,Callosa de Segura,38.12,-0.88,M,,24,3.4,4.0,3.4,4.0,4,4.0,4,86,0.1439348862975586,78.3400730380657,59.74589362456653,364.26166648758266,3,66.86003750633522,66.21260834309753,73.11885805943888,75.59121698958394,56.95115844698234,30.793370768736672,1,1,1,99.75375878723634,5.701954616585503
130,Casey Buhr,United States of America,Phoenix,33.45,-112.07,M,,21,3.7,3.2,2.5,5.0,2,3.0,5,84,1.1607264050691624,74.22213842924907,7.856775230362079,296.55362016552135,4,49.03895377993914,49.80577792241326,33.260631345307424,93.13849665400997,2.0276236472863363,77.97758313304139,1,0,0,37.2298659797601,79.56639870887065
131,Shauna Sneed,United States of America,Burlingame,37.58,-122.36,F,,19,2.7,3.7,3.7,5.0,5,4.0,5,93,0.4600264202175275,77.37448410614564,98.40135573395554,348.06055927400007,4,32.698151575475734,52.3063299081579,98.1167650336716,20.992150433025802,70.95665222082778,19.81173181593583,1,1,1,36.39023263229173,22.632726085673347
132,Caitlin Dean,United States of America,Philadelphia,39.95,-75.16,F,,22,3.9,3.7,3.1,5.0,4,4.0,4,89,0.4072880231897013,89.40714338862833,85.81384925139125,341.99779913399203,3,9.04957127867042,67.52480326606481,88.92180760195266,30.34624052690501,49.61407855115078,23.430280727682796,1,1,1,59.71700095574133,98.24269080249263
133,Andrew Kirin,United States of America,Odessa,31.85,-102.37,M,,25,3.8,2.2,3.0,5.0,3,2.0,3,71,8.554605840110073,90.04871731449217,32.989400540496874,419.0769856047942,4,92.46103468795354,41.443521129070525,6.92608078724779,88.89337279280872,13.67194351993053,81.10530874112646,1,1,0,82.87161081430648,90.11780384384252
134,Nadia Minks,Russian Federation,Moscow,55.75,37.62,F,,24,3.8,3.1,3.5,4.0,2,5.0,5,76,7.036578593800237,81.85574794518921,59.48850981198422,295.8299548269287,3,0.5288292161162444,0.9665552884932649,61.52441940907282,88.69437585178261,47.299819007939035,90.5214375796382,1,0,1,36.68340815342928,90.67356502130689
135,Ivy Lucero,Brazil,São Paulo,-23.47,-46.67,F,,24,3.9,3.6,3.2,3.0,4,4.0,4,84,4.741738290873252,84.78329845967161,48.1547482622485,385.20108590247975,1,74.3102569215136,53.379473040430966,20.233968561371185,84.7916216127261,33.951070037007355,42.44071156514095,1,0,0,49.01461385718508,23.296202120879883
136,Kevin Curry,United States of America,Phoenix,33.45,-112.07,M,,23,3.9,3.0,3.7,5.0,5,5.0,5,50,0.9783416065100148,84.51052789911853,61.41657153443343,397.4255695768901,4,87.01140744881522,45.62017816734048,58.99856107433795,42.65165973427779,55.33784208138876,34.39083590179148,1,1,1,90.16199524473826,22.79281373561014
137,Charles Cramer,United States of America,East Los Angeles,34.02,-118.17,M,,23,3.1,3.5,3.8,5.0,4,5.0,4,84,4.916158751168323,72.3395827776512,18.526802451207114,434.53018718063373,1,71.9111075222169,88.37221122984323,8.038820187972373,71.36512930497409,52.30023842953872,70.24216387586429,1,1,0,21.06381031299287,80.14664083446594
138,Emily Warner,United States of America,Lodi,38.13,-121.27,F,,21,3.5,3.2,3.9,5.0,3,5.0,4,86,4.734717707805657,83.16703310158087,43.569973742763736,312.49517822892466,2,41.933638250649366,39.67622098044291,17.988433921161462,61.79929586233983,30.678609002098145,20.68694554573761,1,1,1,62.76139497631843,27.22465683308628
139,Mckenzie Haycock,Canada,Toronto,43.67,-79.42,F,,20,3.8,2.3,3.7,5.0,5,4.0,3,96,1.7320186991001518,82.3659536552436,66.03930389779839,329.9586025994587,1,91.5511237369562,80.10539329398208,81.18444219208205,80.40922461454704,80.26223392591919,66.85066794163976,0,1,1,34.05823651718537,92.15140259725669
140,Faviola Soto,Mexico,Cortazar,20.48,-100.93,F,,19,4.0,3.8,3.9,3.7,5,5.0,4,63,4.33851649237973,73.75617978430665,34.51201987836387,361.77966601262665,2,58.4709109218553,42.634416285351605,39.762371501357876,23.971047922466717,96.40693004729967,85.88103649209127,1,1,0,43.721271900115134,73.07717159149243
141,Stephen Wharton,Mexico,Tuxtla Gutiérrez,16.75,-93.12,M,,21,2.1,3.7,3.8,4.0,4,5.0,3,52,3.985047343973735,70.858874231086,64.3617784047927,328.7141254120265,4,17.982850858277743,95.25418917117737,81.83726738843049,54.08358111907125,1.9121760692921819,93.73370229947486,0,0,0,39.2787004065198,76.90173928406556
142,Alexandria Fortner,United States of America,Phoenix,33.45,-112.07,F,,20,3.9,3.8,3.8,5.0,4,4.0,5,50,6.158500980522165,91.51692194934107,40.40998353216529,384.2476530459059,1,29.302859177051953,66.12378454439084,48.411826780077746,96.59364141567227,34.77015658259344,82.2539027827511,0,1,1,10.423502937719897,84.37421384278623
143,Savannah Kivett,United States of America,Colorado Springs,38.83,-104.82,F,,21,3.8,3.9,3.8,5.0,4,4.0,5,54,6.350936508676438,74.12484583353219,43.511569388853545,343.346008090441,1,94.10544075453188,30.45397664424694,70.47383257009217,85.75129292383733,30.849620853072647,20.797411211704098,1,0,0,47.76970030702148,30.725526244704817
144,Tanner Jones,United States of America,Stockton,37.96,-121.29,M,,23,3.9,3.7,3.7,5.0,4,5.0,5,75,0.4530400977204452,91.64067927899504,30.55697410415893,353.9379514807777,4,49.660899311500174,40.191563243216756,67.05809172237434,54.421173361858955,28.906129150290294,65.1749819539705,1,1,0,66.16105395865057,5.9629869618041065
145,Luisa Bautista,Mexico,Mexico,19.43,-99.14,F,,21,3.3,3.0,3.4,3.0,4,4.0,4,63,3.746126146264712,96.20450489313501,31.26519496837491,271.1015484338708,3,26.79056738813036,60.235436538173126,27.28775330264739,12.852540438151895,17.59489811062711,76.26840428557452,0,0,0,7.1626005321920765,53.732270039458776
146,Juhaina al-Bilal,Bangladesh,Dhaka,23.72,90.41,F,,20,3.9,3.9,3.9,5.0,5,4.0,5,88,6.258599157142363,71.75264725872664,55.168023149105686,479.6824475824048,2,25.942902785446787,76.00297547837795,93.35297314700922,21.01303215447392,86.47694434944803,50.01703232726664,0,1,0,32.63965728117212,69.10700541893658
147,Siena Ingram,United States of America,Henderson,36.04,-114.98,F,,21,3.8,3.7,3.8,5.0,5,3.0,5,76,5.031362585800877,87.2072250310531,82.26116665902207,373.1241786885369,4,45.9812375249936,93.73396109081563,98.97244720874012,29.912258180695297,0.13632890542600862,81.01516937999142,0,1,1,37.09448318866563,45.05631763184118
148,Alondra Gardea Corral,Mexico,Ensenada,31.87,-116.62,F,,20,2.2,3.8,3.1,2.0,3,4.0,2,58,8.564898411883222,98.01171879387734,24.740146594713565,241.98861288966023,1,63.24938405350865,58.17665213156543,18.178555456028533,26.007001785094108,90.95759786420389,98.36114468404253,0,1,0,15.079151101676636,19.452203531190925
149,Vincent Webster,United States of America,New York,40.71,-74.01,M,,23,2.0,3.7,3.4,5.0,4,3.0,5,64,6.58693631618945,94.52601768998198,79.57672832519472,336.9859429900813,3,3.0480507859177886,13.16687465582561,76.56051543292651,70.86617727207859,83.82907947015538,73.22577368387186,0,0,1,45.37950435880962,90.35379444901162
150,Abdul Jabbaar el-Abdul,Egypt,Cairo,30.05,31.25,M,,20,1.5,3.5,3.2,3.0,3,5.0,4,64,1.629344270814297,70.71397327810206,93.49685393667475,279.2345708480843,3,25.78108966934711,22.619486227453855,3.1890690978383596,3.4326146273284563,42.69580887415271,44.59990547702605,0,1,0,43.215157081165124,7.027208552593667
151,Patrick Carnes,United States of America,Mesa,33.42,-111.82,M,,22,2.4,3.5,3.6,5.0,3,5.0,5,75,0.7056874740042984,77.547190453646,53.8689283489426,337.739694433565,3,55.67941699732426,1.8008617998162557,40.097573172491984,59.15156998687247,92.7265739553129,70.5465958167087,0,1,1,97.4317586643948,97.94867336704176
152,Shawn O Bryan,United States of America,Fairfield,38.25,-122.04,M,,23,2.9,3.7,1.5,5.0,3,5.0,3,91,6.424192782063156,88.32570333017973,0.570474723552894,372.0579588184677,4,48.78949617728152,33.63379289814198,85.7119028782515,42.491462646967534,86.40963225496017,59.14016919580087,1,1,0,93.34141316103359,63.68749298571087
153,Jenna Whitney,United States of America,San Diego,32.72,-117.16,F,,23,3.7,2.9,3.9,5.0,3,4.0,5,62,0.2651131054162181,91.51866021750999,41.73914492002613,365.4040381883355,1,38.36210445055707,6.4736433665313005,30.642388686602118,71.8558459538551,23.907432813278618,94.62621143204468,1,0,1,14.311664744524844,68.49194149444664
154,Kaitlin Krueger,United States of America,Los Angeles,34.05,-118.24,F,,24,3.7,3.9,4.0,5.0,4,5.0,4,100,5.8577558127346325,90.71355949132973,56.438043784733495,381.5282378828191,3,80.29704330243653,10.30300676719743,67.1048751664729,52.737850911245054,2.389751703646603,23.80606470149139,1,1,0,90.35439444530704,11.051894907639415
155,Jaime Mikesell,United States of America,Los Angeles,34.05,-118.24,F,,20,3.9,3.7,3.7,5.0,4,5.0,4,81,9.402302414249576,85.65468708052802,30.054806851626658,383.928546573986,3,37.9778353413842,27.241220422012248,67.66157094062811,5.834163987440988,87.7857850488525,90.51854724299932,0,0,0,48.56220013268783,20.257460893119262
156,Katelynn Andrie,United States of America,Kansas City,39.1,-94.58,F,,23,3.0,3.9,3.9,5.0,5,5.0,5,88,5.75474177875879,72.93375009325813,73.35827127131564,325.6878605862373,4,92.5299587181997,94.71779529248006,64.12916594154777,41.502024927996814,12.749460917936894,87.82131394650523,0,0,0,53.91506357736948,44.538733023022935
157,Maryn Manzanares,United States of America,Laguna Hills,33.61,-117.71,F,,21,3.9,3.2,3.2,5.0,2,4.0,4,98,3.881699262065219,70.5985010338035,31.25954402190152,341.7741232656675,4,63.805319494108495,21.62875742483228,67.79754805334122,36.08116674127331,39.43243072699053,49.627666781090426,0,1,0,47.21636555069622,85.14257907190668
158,Colleen Kohout,United States of America,Philadelphia,39.95,-75.16,F,,22,3.5,3.8,3.1,5.0,4,4.0,4,81,6.432882184423532,93.21816737491909,80.80213684729952,386.48535261120077,3,2.5859158224558865,28.976838191477093,55.13730219151386,38.03200249595429,24.169398191125392,85.83841192522443,0,0,0,29.25211633777153,97.52781200528314
159,Daniel Spurlin,United States of America,San Jose,37.34,-121.89,M,,24,3.9,3.9,3.7,5.0,5,5.0,3,53,4.582528904915167,82.17434317050828,72.51812111456435,473.1807389438451,1,34.239153998591696,96.79001859941992,98.66928209364589,85.88220192071117,82.52363150747031,87.06265375966242,1,0,0,94.47304399558276,89.58193098977793
160,Trevor Bulba,United States of America,Chicago,41.85,-87.65,M,,21,3.9,3.8,3.8,5.0,5,4.0,5,79,5.45616789315935,86.21014462638638,70.0229627275134,376.98864682735837,1,38.54057295741029,96.1915849279165,19.06191784482303,19.75976445460521,37.14399240027069,48.272202220549666,1,0,1,41.98201505575341,71.82171237785751
161,Jordan Burkhamer,United States of America,San Jose,37.34,-121.89,F,,23,3.0,3.9,3.7,5.0,5,4.0,4,86,9.41464808776525,79.476798860592,6.17616425068821,409.4391876078095,3,62.00934748338563,2.02000522406679,69.7010236460876,22.31322593833336,53.44284921556558,90.82065248499234,0,1,0,51.575318170217,14.711867145337433
162,Rebecca Ah Fat,China,Tangshan,37.33,114.7,F,,22,1.8,3.8,4.0,4.0,4,3.0,4,72,3.8610263780077423,80.21375068596956,89.94889958323739,347.1663548867504,1,50.245267713713496,82.81639037067121,45.92624928109483,60.885669680182616,29.314334882991723,31.505279860886525,1,0,1,12.526442449498221,14.83426994654915
163,Christopher Jacobo,United States of America,Los Angeles,34.05,-118.24,M,,21,3.4,2.7,3.9,5.0,4,4.0,3,88,9.611905638239142,75.62064967758522,0.29110242353723725,329.63398703026024,2,89.42760838616623,46.85016679769345,13.868534817465239,99.82107407917042,92.91822372136964,26.520678351946447,1,1,0,4.354102567362828,2.426040304446442
164,Min Singal,Japan,Tokyo,35.69,139.75,F,,24,3.8,2.9,2.9,4.0,5,3.0,2,94,9.053506419560636,84.56391786305731,92.93718673069644,384.39423174563404,3,58.88408118473897,88.7726427261686,71.4695181238581,43.072217270528746,27.22892930150226,7.9591695368628645,0,0,1,59.59006019829942,61.46651546467611
165,Corey Rademacher,Ukraine,Chernihiv,51.51,31.28,M,,22,3.1,3.3,3.9,3.0,4,5.0,4,64,1.9579113478929644,73.70484170052933,1.5386283117513,323.14791022636837,3,30.05177396137283,5.314985814695216,99.85402623307331,69.44983998764731,7.869933436504284,93.10949458474734,1,1,0,7.508779868091164,77.2984132553231
166,Alexander Reed,United States of America,Los Angeles,34.05,-118.24,M,,22,3.0,2.7,3.8,5.0,4,2.0,5,92,0.6936130087516545,84.49022275927088,72.68135243283436,418.6488286852705,4,70.72707659337529,84.3047115954961,4.905255973651689,72.31371342864715,29.08168073660201,45.65060979469527,1,0,0,21.1245319667418,99.27338401068928
167,Dalen Whiting,United States of America,Carrollton,32.95,-96.89,F,,23,2.8,3.9,3.3,5.0,5,5.0,5,78,1.0077800137742663,78.43369069861866,78.44894376035914,410.5810882687191,4,61.86662631878317,28.771182991958355,8.590466417759067,83.82779152276504,92.11845451473076,65.61981557006881,0,0,0,78.18235172985605,46.01705905120749
168,Chelsea Persky,United States of America,San Bernardino,34.11,-117.29,F,,23,3.9,3.4,4.0,5.0,3,3.0,4,85,0.1822182565154972,75.19643661068059,38.5752084590879,389.2720269195782,4,43.579712791795664,45.92701607558563,34.3871031708166,68.38205069655167,22.92300308587698,48.56622778782356,0,0,1,64.25649861329286,97.8456087971753
169,Karla Taylor,Mexico,Mexico,19.43,-99.14,F,,21,3.7,3.0,3.7,4.0,4,3.0,2,62,0.944429607559284,94.48077560639459,6.356472150081638,309.9621785339245,1,6.299691934615026,6.151581911940918,23.965782328144435,91.37866309559365,49.742891920832975,68.76782845279466,1,0,1,12.20246143357755,80.76250328696305
170,Kaden Yates,United States of America,Salinas,36.68,-121.65,M,,23,3.6,3.4,4.0,5.0,5,4.0,3,81,6.830067734163569,91.4356268050991,90.63729216657799,460.24833444065666,3,53.85580434680457,98.56355664402534,51.25058918098018,22.82081295601315,88.32183010501605,17.755295882586818,0,1,1,12.140344995124487,55.38659459658115
171,Maimoona el-Soliman,Turkey,Ankara,39.91,32.84,F,,21,2.8,2.6,3.9,3.0,4,3.0,4,56,0.7118864846022899,96.77092231558211,99.86131318283296,352.5253555683769,1,90.77961092639056,76.43313524492734,49.48730265959496,84.14538037055215,60.9715049619335,99.55261961906366,1,1,0,27.92569501448091,67.50087997475921
172,Aaqil el-Hashemi,India,Bangalore,12.98,77.58,M,,21,3.4,3.0,3.6,3.0,5,5.0,4,100,3.189756302937613,76.71138647052967,64.75520109862242,293.8282484403169,3,2.876625861190907,40.736179982813184,82.35686256407742,87.81929954189704,28.61268256451047,86.72885664916087,1,0,1,41.4082952841776,25.50121114816556
173,Sean Bruso,United Kingdom,London,51.51,-0.09,M,,19,3.2,3.7,3.9,5.0,3,5.0,4,71,8.448753109694545,70.74516978322211,79.87956996841604,425.03572148229557,4,49.10696518971037,51.133367811657685,94.89681066418578,35.501553371362995,2.4103927125166624,35.95878726541041,0,0,0,48.301368232678634,80.84094353408278
174,Andrew Bishop,United States of America,Los Angeles,34.05,-118.24,M,,22,4.0,3.7,3.8,5.0,3,3.0,3,77,0.2327193573582586,98.9105003424653,65.98835968157374,426.34605787109484,3,67.17646709126505,16.314511911683795,51.332220237934045,27.060711648282844,98.37099925951293,35.63870415973241,1,1,1,5.339255896827755,38.271680401790476
175,Zahraaa el-Yousef,India,Hospet,15.27,76.4,F,,22,3.9,3.7,3.8,4.0,4,4.0,4,51,8.144684825889358,72.00875045135727,26.929399180544124,397.68125222443115,2,93.74812552378667,71.39641374655756,23.108807432257596,27.985002370421597,99.62611235499952,8.85304163171866,1,1,0,54.12715508429802,3.17088686279684
176,Surya Ky,China,Tangshan,37.33,114.7,M,,21,3.7,4.0,3.8,4.0,4,4.0,5,91,2.8185477477339997,92.78522473280616,60.696221756649024,409.41086097207625,3,62.60522401590711,74.60831509275923,10.943679357800507,43.745154484187445,16.15793904453945,86.20837723311276,1,0,0,38.95722206257698,33.40820985598246
177,George Mann,Russian Federation,Moscow,55.75,37.62,M,,23,3.9,3.9,4.0,4.0,5,5.0,5,94,1.1816482762165623,84.12471340821548,21.827802381414497,378.5664088165355,3,42.72845058151656,40.54325325654609,29.830116985081478,81.98711731912505,0.609342398433721,51.88285175554671,0,0,1,98.417525312092,61.40810053395804
178,Latino Calderon,Mexico,Hermosillo,29.07,-110.97,M,,23,3.6,3.0,3.0,3.0,5,4.0,4,55,6.967371653641506,85.517170166358,81.80883573536714,371.6096609382946,1,62.23728061808209,91.6689459999183,78.38193906775642,34.21598681754809,13.336131925276351,71.22837006128483,1,1,1,46.06585944461954,28.869599738753806
179,Baylen Cloutier,United States of America,Phoenix,33.45,-112.07,M,,22,3.9,3.4,3.7,5.0,3,5.0,3,77,6.28942846779884,71.91347026752953,20.1839015661321,340.9663492275481,1,75.44401374803577,70.29659841946727,38.07617176788889,58.386403953131975,58.33348955169012,59.498417532736994,0,1,0,31.95805611324274,8.349176645087775
180,Nicole Torres-Valadez,Brazil,Rio de Janeiro,-22.9,-43.23,F,,24,3.9,3.1,3.0,1.0,4,5.0,4,77,8.77472013527053,83.43408257156017,88.00823738186068,251.13512251830568,4,67.92717810501951,3.5780520152914885,0.7347514849834202,5.157792244495541,96.46002593567363,92.98512015215576,0,0,0,48.776473367973324,12.346598214732275
181,Addie Villavicencio,United States of America,San Jose,37.34,-121.89,F,,20,4.0,3.5,3.2,5.0,5,5.0,4,93,7.350710438038858,83.5361410194108,36.70879864045029,440.0070615027957,1,16.138216610214617,29.03857830172002,18.270302831542253,30.728726293727426,26.320239187206475,45.87781783767028,0,0,1,8.997969450577125,10.184545943130185
182,Billy Jack Bestle,United States of America,Baltimore,39.29,-76.61,M,,22,3.7,4.0,3.8,5.0,5,4.0,5,93,8.034809303848485,93.19744377671452,69.68270706015932,392.3869793699499,1,83.0365996084695,85.83409069695908,28.51646431977781,92.9366250435619,4.985297627216944,0.9501921720327378,0,1,0,80.90786721645044,62.16905278421579
183,Isabella Martinez,Colombia,Bogotá,4.65,-74.06,F,,23,2.6,4.0,2.7,4.0,3,4.0,3,69,2.820345725713065,77.56336387560303,37.49470500078026,374.074737223514,2,57.140949938764265,59.21681392972775,59.94917044181653,8.132663115057426,81.81756788060068,64.40226012728165,1,1,1,29.528238491531056,11.232975456501904
184,Kimberly Thielke,United States of America,Los Angeles,34.05,-118.24,F,,21,3.8,3.9,3.3,5.0,3,5.0,5,79,1.7743954377972282,70.32734247287596,61.468957616333306,447.6736705453916,2,94.92497710049929,51.383990055972795,49.68838546427913,77.4995793939744,67.79878950730863,42.719403299099945,1,1,0,64.30296910997659,46.92475296140975
185,Adrian Miguel-Gomez,Colombia,Medellín,6.25,-75.56,M,,22,3.7,3.3,2.2,4.0,4,4.0,5,60,7.506147516408584,79.09364077317514,28.031997433501843,352.96123235434266,3,31.926579972314194,28.9283180703932,65.65118841220993,6.242250290715601,42.86596798643289,21.641075025282174,1,1,0,59.86307432859156,74.40548466144541
186,Kayla Sales,United States of America,Quincy,42.25,-71.0,F,,22,2.1,3.1,4.0,5.0,5,4.0,5,77,8.06834739267264,90.88015460582076,20.601990534906022,304.8451800214526,2,58.059758130331396,90.85149552397496,66.65590237146587,21.372970384171065,59.12598657203667,27.79045628888851,0,1,1,93.2429696228272,14.952422457027703
187,Haafiza al-Attar,Morocco,Rabat,34.01,-6.84,F,,21,2.4,3.6,3.8,3.0,3,5.0,3,74,9.905051420006734,82.89967600248069,6.870190877251825,257.77749902175066,4,30.87155395678094,68.13673928450183,83.84829146156348,38.383304403477034,48.629036826929216,47.52105670732284,0,0,0,55.01082991917114,46.55583096946517
188,Juanita Medina,Mexico,Mexico,19.43,-99.14,F,,22,3.8,3.9,3.7,4.0,3,5.0,4,88,4.126176769114265,95.46275180888081,42.09173682330491,429.5376519241361,1,24.049417757205237,45.226157561949634,26.83211088729074,48.18290607164673,34.38040496210616,27.60112483051005,0,0,1,64.5912640489629,48.79872966327377
189,Emma Kim,China,Hengshui,37.73,115.7,F,,22,2.8,3.9,3.8,2.0,4,4.0,4,82,3.720180857927832,99.04714307726333,57.61963404685052,250.04210936113049,4,3.723414707534378,14.462916118337176,13.069299057177963,80.57360006388978,51.33839637151462,24.784475541873153,0,1,1,88.52770912354995,28.165598695668226
190,Mckayla Dopler,Netherlands,Kerkrade,50.87,6.07,F,,21,2.5,3.5,3.7,4.0,2,4.0,4,50,7.764129607419968,73.67118742818984,17.58057883107146,409.706007942246,1,42.24886248796356,44.03135217142344,64.58435162125605,3.2714710162280447,40.29881935687478,96.46373692394452,0,0,1,79.6028854849627,26.49232455150553
191,Jonathan Nevarez,Mexico,Mexico,19.43,-99.14,M,,23,2.7,2.6,3.6,5.0,4,5.0,5,76,3.4080354025301784,90.58756482821406,97.10079203852966,403.52272850681607,1,54.548319526729685,43.10044959052948,15.069877903763429,81.53546899550396,46.3767476227116,78.1287070712723,1,1,1,32.545861401926246,89.19734120196836
192,Roger Redfern,United States of America,Los Angeles,34.05,-118.24,M,,21,3.9,3.9,3.1,5.0,5,3.0,4,62,9.307573256035647,98.12719420683204,48.36644186141592,440.8460196844273,1,23.718032708914393,16.03858712279478,12.246898700639486,57.34938792211166,71.92063080935598,60.97653408875509,0,0,1,2.4038163370034282,5.7625443883770995
193,Hannah Critchfield,United States of America,New York,40.71,-74.01,F,,21,3.5,3.3,3.6,5.0,5,4.0,5,90,8.584127518430119,96.67394429857298,86.61876606487711,414.5929248686117,1,80.5668711823568,86.27519185681524,54.21794023873,73.86989763229369,86.40816105882561,96.35366582051212,1,0,0,39.214143217166395,21.187132747951487
194,Chue Fue Richter,China,Qiqihar,47.34,123.97,M,,23,3.0,3.6,1.4,4.0,5,3.0,4,52,4.289940273750183,70.29856089947117,85.49767351592446,297.3583143999174,4,27.06719570060421,70.6095135465632,27.978213183713606,85.96271558399867,95.57695699547948,37.48902558249794,0,1,1,2.4506446447661756,62.66649502529151
195,Joshua Mesan,United States of America,San Jose,37.34,-121.89,M,,24,4.0,3.8,3.7,5.0,5,4.0,5,88,7.508710677914974,97.3079780526709,79.22961002355282,374.88119572124464,1,35.41774293227924,81.95827548668866,19.201436844003982,8.515955741392823,44.95013404252997,49.92211900440435,1,1,0,59.85409684145705,4.34957599288841
196,Dylan Bell,United States of America,Tucson,32.22,-110.93,M,,20,3.3,3.8,3.5,5.0,5,4.0,4,55,7.545428740846823,72.49578936432187,73.05187100567063,431.7947539235911,3,80.94398657697333,53.75583923460038,39.89910578841829,30.687800668474207,86.05353549464631,83.41462184314122,1,1,0,80.02148164506585,75.55115829031034
197,Troy White,United States of America,New York,40.71,-74.01,M,,22,4.0,3.6,3.4,5.0,4,4.0,5,57,1.031238688359326,97.82107304326837,22.04081934049722,479.0099418354706,3,90.72388370298768,93.54472575666541,1.1568282332813595,23.328669597476946,68.68265070991447,89.44908386276393,1,1,1,34.09492482129455,10.776749490125248
198,Sabaaha al-Latif,India,Bangalore,12.98,77.58,F,,22,3.7,2.7,3.0,3.0,5,3.0,5,76,9.025529066795666,72.5670155079446,79.80752734390249,260.94927320147445,1,10.341628884000498,56.16370305777415,2.887046930464132,44.80169550208329,51.52252409975979,94.8994073318606,0,0,0,66.91858674721364,34.05254988097697
199,Grant Walden,United States of America,San Diego,32.72,-117.16,M,,22,3.8,3.3,3.3,5.0,5,4.0,5,58,5.052523724478571,96.77033662868111,44.23609970231591,356.6302562067879,3,60.37642440749569,20.21750978086868,33.525409292037956,12.403941594683253,92.03299379597335,20.820291620145515,1,1,0,35.32130923679062,35.657621450175434
200,Kitty Nguyen,Japan,Tokyo,35.69,139.75,F,,25,3.4,3.2,2.9,4.0,4,3.0,5,86,8.264574661077416,81.58092298767724,56.62588565003727,353.1433232492022,1,84.59765565341456,35.668782943862496,50.1304863568575,88.00048383284108,37.47400558529258,44.09205799478022,1,1,0,98.00359747129048,90.92260566034453
201,Tyler Kibel,United States of America,Santa Ana,33.75,-117.87,M,,24,4.0,3.2,3.8,5.0,5,3.0,4,82,3.200496010306117,86.43044066368176,27.39777116827221,362.88104256993086,2,36.461105041021355,89.915850330893,0.03775148763793812,80.72128735053587,73.64953151158934,60.331951915298,1,1,0,22.236138102340554,88.81126840581337
202,Kyler Overboe,United States of America,Chicago,41.85,-87.65,M,,21,3.2,4.0,3.5,5.0,4,3.0,4,100,8.955232284962005,84.12895294661081,36.85818037370589,383.7534333777666,4,91.27666167062523,86.38928682704856,81.83671408353513,56.828417625543715,7.078028437778627,4.755310301546823,1,0,0,76.5738525040537,4.5603964331425555
203,Alexander Lizama,Brazil,Belo Horizonte,-19.92,-43.93,M,,21,3.9,3.7,3.9,3.0,4,5.0,4,91,3.892016787341631,99.64726246669426,87.01388118533258,320.1474104966628,1,53.672880038464655,62.60403287100229,4.762599287460811,10.717329786042484,91.4392919697677,73.48725181025823,1,1,1,71.01881434150961,22.87318780166706
204,Aaron Knott,United States of America,Santa Ana,33.75,-117.87,M,,23,3.2,3.6,3.7,5.0,4,5.0,4,93,0.1083765148029836,81.49675150319615,16.99361741026553,428.2948944828887,2,32.90528842740936,94.26915258360889,89.63114220180786,55.54735603768069,24.399687144139126,0.5049062081265876,1,1,1,50.531120642415075,75.56142824210798
205,Jessica Greenberg,United States of America,Joplin,37.08,-94.51,F,,23,3.6,3.7,2.8,5.0,4,4.0,5,73,9.053819764192635,92.16327619963869,20.03366567324827,315.3812081272168,2,53.86776559019435,41.23566214751867,37.443356792072656,85.94525948371027,50.58855537425784,55.04246267404975,0,0,0,22.47657366066789,61.6760961775352
206,Lexi Hatton,United States of America,Los Angeles,34.05,-118.24,F,,23,3.3,2.7,4.0,5.0,4,5.0,5,64,0.9128667678613356,85.20145314737773,73.22935285215473,387.23944621582837,1,94.47555177004978,2.1495722961410446,17.86488294950076,31.40669972572755,40.44650199652462,36.731808194509064,0,1,1,38.23155690073443,47.52299346938725
207,Jesse Hodapp,United States of America,Danville,37.82,-122.0,M,,21,3.8,3.0,3.5,5.0,4,2.0,2,81,3.1931363759041487,96.09130800952562,90.3686399926198,336.53742731830454,1,66.97638099122481,88.59211918192126,22.81779789710887,13.779459608401122,10.594036128349671,20.023686688197973,0,0,1,0.3464971729666422,83.47733704182053
208,Andrew Brunelli,United States of America,New York,40.71,-74.01,M,,23,3.4,3.8,4.0,5.0,4,3.0,3,81,9.50061967050805,88.9290284902707,50.53555336697143,368.9644165791493,2,16.031752133614617,94.01956781460713,0.9959609732725916,54.87693059417229,47.99254852342059,81.87506591086299,0,1,0,19.47893103821423,7.493905600084172
209,Makenzie Swann,United States of America,Stockton,37.96,-121.29,F,,22,3.4,2.8,3.1,5.0,5,5.0,4,73,9.50607146937556,90.1488985899829,72.46051757275733,336.43731055478446,3,99.27033212744162,27.46023084984165,10.531142623143896,0.20924625189060464,0.554323154823777,58.275516029105226,1,0,1,63.40100957347742,27.496340530466924
210,Carlos Anaya,Mexico,Mexico,19.43,-99.14,M,,24,3.7,3.7,3.7,4.0,4,5.0,5,90,5.734378881232861,90.81281216690518,30.800371322588806,445.3986841076147,1,30.618204147971518,39.987600719633356,53.84961754585355,86.77835774161706,50.70619191755984,28.80900104775589,1,0,1,39.171853128041924,54.51874502763591
211,Felipe Martinez Acosta,Chile,Santiago,-33.45,-70.67,M,,21,3.7,3.7,4.0,3.0,4,3.0,5,98,6.318372121697992,98.09701351276559,14.685854278568055,319.25463333949523,4,74.77439639006121,45.61501250778076,39.190111734565605,7.606626808013816,88.8514068123098,85.0708405029483,0,0,1,74.89139399178467,35.406977134817055
212,Emma Casias,United States of America,Rochester,43.15,-77.62,F,,22,3.2,3.7,3.2,5.0,4,3.0,5,98,4.4844552197831975,73.8333238880713,21.186399281078096,377.04042459267333,4,68.62908555848718,11.899377197066796,68.66697178101221,24.22122549337923,70.20946798701658,0.5433474957826534,0,1,1,57.48989782489786,77.65567954607113
213,Adolf Malik,Korea (Republic of),Seoul,37.6,126.98,M,,21,3.1,3.5,3.6,3.0,4,4.0,3,61,2.9321077169806453,80.11533748903776,57.1598157314114,385.5193865561563,3,78.26369850752403,26.321756229336536,48.46656513945183,69.80832586342697,61.01768441113378,10.111729384653556,1,1,1,52.77456312419676,85.12287265821536
214,Christian Chow,China,Handan,36.57,114.53,M,,21,2.6,3.9,3.4,4.0,5,5.0,5,88,3.28664545369916,76.35303750145827,75.147117756234,283.53217115353374,3,14.958117599598031,83.93407140592214,84.28385915502045,13.27530356557819,70.1783554448275,17.88352268223593,0,0,1,75.9266567222693,14.08133365956915
215,Asad el-Yacoub,India,Thana,19.2,72.97,M,,22,2.6,3.3,4.0,3.0,5,4.0,4,51,6.725184560770384,92.17295463539119,69.94607942397512,272.6040619328912,4,31.166354249776983,55.00614581252403,79.76707523059038,90.28632826542687,68.87383401303293,93.64818832366923,1,1,1,17.898273671279398,48.06350396538155
216,Holly Marshall,United States of America,San Francisco,37.77,-122.42,F,,22,3.0,2.7,2.0,5.0,3,4.0,4,52,7.5237452943768,72.31883644231618,81.4272334608548,328.106669271538,1,42.58065859257272,7.7383003100462755,30.313945453623013,49.95752323654583,89.62040363280688,91.140788151956,0,1,1,25.98574035502207,45.530482464474595
217,Brandilyn Hanselman,Russian Federation,Chelyabinsk,55.15,61.43,F,,21,2.0,3.5,2.2,4.0,4,5.0,4,98,7.915790437258485,73.20721519999692,58.69946486505062,271.9995852664358,2,98.96522700463886,29.933754322156958,84.90495810688874,14.490215519143135,49.324265754339415,88.10721652488037,1,0,0,38.75052138254288,96.33884920386005
218,Nicole Patria,China,Chongqing,29.56,106.55,F,,24,3.9,3.3,3.0,2.0,3,5.0,5,86,7.896181427945539,71.99001149672695,64.74338718441597,351.37086184144243,3,95.23138664048531,52.06073396345817,50.57182365403784,62.48652870068221,84.31908069697948,12.4522494456894,0,1,1,45.92511440251816,87.93577431531885
219,Kyler Grieshaber,United States of America,Cohoes,42.77,-73.7,M,,22,3.6,3.4,4.0,5.0,4,3.0,5,98,0.9120610304869036,71.4386600648667,70.58650653358369,359.36552333116344,4,24.579916043105456,74.38705627014511,23.595659956935823,0.21622506218769155,80.1132366692691,58.06145742732499,1,1,0,4.972448980671573,81.99040653822584
220,Jasper Stang,United States of America,Sacramento,38.58,-121.49,M,,24,3.6,3.9,3.3,5.0,5,5.0,5,66,4.944203047025814,83.96713247804011,36.11847012787064,420.85629117950145,2,68.5565461863601,57.522633574732296,94.58161668539306,44.6567016639499,55.91452930635351,80.15591528318876,1,0,1,77.74797919383799,76.03442775074086
221,Anthony Visocsky,United States of America,Santa Rosa,38.44,-122.71,M,,21,3.4,2.4,4.0,5.0,2,4.0,4,98,0.5755876001664428,95.18021264100025,99.70098535190542,346.4763467535755,3,24.11406815460132,77.94911787443908,41.76347670647377,80.13494342642254,4.713827570775042,26.33127322870167,0,1,1,20.52529478467937,44.512560561200246
222,Jake Seime,United States of America,Reno,39.53,-119.81,M,,22,2.4,3.9,3.7,5.0,4,4.0,5,51,5.495288823237355,72.0688366779625,87.64300473466474,348.8709378667124,2,7.084041998143842,26.730204824049075,92.83116411354422,8.87974199999756,37.19422528319406,99.07096001789772,1,1,1,31.641026265186223,26.26578365423776
223,Dasha Bannock Lee,United States of America,San Diego,32.72,-117.16,other,,20,2.8,3.3,4.0,5.0,4,3.0,2,51,4.41530501373377,73.64974438672083,3.950128988503765,328.1677875639354,3,63.31428940861048,84.46550939132662,28.476082511619538,81.4629025319575,37.84278565201038,13.67909043933091,0,1,1,15.505052255249508,69.8857331824
224,Anthony Mcdevitt,United States of America,Los Angeles,34.05,-118.24,M,,24,3.1,4.0,3.9,5.0,4,5.0,3,77,8.877041827582998,97.50114789675844,2.2658672944511626,453.3837569907191,4,56.92505577879293,69.0491640595986,48.4782442563701,94.670022304564,80.59048210307992,72.384847367694,1,0,0,94.92316188599011,65.69008452723085
225,Darby Focken,United States of America,Hinsdale,41.8,-87.94,F,,21,3.5,2.5,3.7,5.0,4,4.0,4,72,3.509150125520786,79.21413697598999,32.82628315400537,383.5616838588453,1,90.52975049501684,44.42580731385281,13.617961969561287,83.24333130869366,14.081550329574055,65.2741013285866,1,1,1,66.48838312923202,53.40330418799355
226,Abigail Gallegos,Brazil,Belém,-1.45,-48.48,F,,24,3.4,3.0,2.1,4.0,3,3.0,4,86,1.1706701642760586,80.38637600382509,99.88352030792355,326.41340661359624,2,22.217371282255016,70.45472878030691,61.791754985310035,0.48667897592906684,41.50798953736922,79.51167007158395,0,0,0,25.90648400372646,80.89582561516147
227,Patricia Rockhold,United States of America,San Francisco,37.77,-122.42,F,,21,4.0,3.5,3.4,5.0,5,4.0,5,81,1.4299168205283586,96.69745151683415,48.03260252876894,434.79138023245025,1,35.385768128109,37.980295231996244,77.82881797451303,89.86625722649916,46.287996258920295,15.238689847596786,0,1,1,32.02724788596406,7.107285386692375
228,Kylie Schafer,United States of America,Houston,29.76,-95.36,F,,22,3.1,3.0,3.3,5.0,5,5.0,4,82,7.615106317174723,70.58392004792543,98.64820330881517,320.702376639003,3,84.4004872515767,99.60742151978017,48.118776138234324,44.69546736477143,88.72048132681975,76.03318268263344,1,1,1,45.5036322257946,96.58789141015765
229,Katherine Beatty,United States of America,Los Angeles,34.05,-118.24,F,,19,4.0,2.4,3.9,5.0,4,5.0,4,50,6.182180633162611,72.76294899498401,80.26369487995059,338.0067974174098,4,24.725441694601315,67.73973318665288,94.13448351203256,37.388126944182574,85.2551864708803,88.2056012880285,1,1,1,52.5256151653821,81.87699920634252
230,Melissa Bickel,United Kingdom,London,51.51,-0.09,F,,22,3.6,2.6,2.5,5.0,4,4.0,4,68,1.0112267612279024,83.90212371898498,59.66936320093746,319.95613298514337,4,38.91331051172292,11.162018647563865,26.144741534040538,19.774784275735257,22.062141217613586,55.08416461321936,0,1,1,5.326771554108845,81.97661405600924
231,Rachel Boh,United States of America,Roseville,38.75,-121.29,F,,22,3.8,3.9,2.9,5.0,4,3.0,2,51,0.8410680611499743,73.33795236388532,24.22074812107389,388.7017061527946,1,83.23106465066098,79.63068371049269,27.292327893428727,93.0166192761223,95.37783480646253,15.130906324946892,0,1,1,68.09596380885904,86.47091826264966
232,Anna Yoshimura,China,Rizhao,35.39,119.55,F,,20,3.5,3.8,3.9,4.0,5,5.0,2,93,7.009691314591199,90.00507243674403,20.03879675584659,352.0711982669643,2,66.48992340348188,11.997831901023815,74.3698551633781,92.53671000185255,41.74080209941721,46.72789205921131,1,0,1,39.81482385738988,96.85687385327277
233,Joseph Hazelton,United States of America,Oakland,37.8,-122.27,M,,22,3.5,4.0,3.9,5.0,5,4.0,5,75,0.7276300636419353,83.89474040561385,72.78535496734325,353.5587872340821,2,59.66445048490077,10.129026427256772,79.1985878019577,73.98268155900746,33.0540309187067,57.49168002516301,0,0,1,47.00327331309554,67.6360459832772
234,Tiffany Nguyen,Thailand,Bangkok,13.75,100.5,F,,22,3.3,3.9,3.9,2.0,5,4.0,5,81,8.218600592903563,84.07881466346115,68.12838821397963,267.3596033159742,3,29.423916736357047,67.7453709328753,16.444586033199315,58.9183911278106,95.25827214680143,86.38773966423018,0,1,0,95.20831371793234,93.04557163333887
235,Ryan Tyler,United States of America,Los Angeles,34.05,-118.24,M,,20,3.7,3.5,3.5,5.0,4,5.0,5,55,7.062422271564962,79.78530624395412,52.01952009529115,362.5298945031162,4,16.594947846700904,86.76316957915147,81.54265220110163,20.85534381830869,50.58659973239582,9.563829825182758,1,1,0,1.8137722084382357,54.00762558695039
236,Max Flores,Mexico,Tijuana,32.53,-117.02,M,,23,3.9,2.8,2.5,4.0,4,5.0,5,81,0.8134878064189976,95.30247271330232,55.565965854859336,303.31743931949876,2,67.99697325542972,84.83575477651016,97.63053234817028,75.47406811659852,41.56523702541715,6.62593398175837,0,0,1,52.32330590932446,85.73674960896243
237,Veronica Tounzen,Mexico,Tijuana,32.53,-117.02,F,,21,3.8,3.5,3.5,4.0,4,4.0,5,53,0.8483771408519192,75.0158911490479,2.2340536058797933,316.98859851556483,4,42.70880525024751,24.441023158161745,57.62959196568664,14.210387431657622,7.55392336755304,39.743533139019114,0,0,0,7.918257520389016,42.51945422385977
238,Haley Ingrim-Hyrup,United States of America,Fontana,34.09,-117.43,F,,22,3.2,3.6,2.6,5.0,2,4.0,3,60,9.866395785011754,77.61108555892946,39.23341973400234,419.3332031677119,3,77.38666069942414,36.140589498369515,43.76704815383832,25.254971387585947,11.039060636470676,54.141852942394884,1,0,0,13.576342148901388,59.96064592292425
239,Kayla Sandefur,United States of America,Los Angeles,34.05,-118.24,F,,23,3.5,3.1,3.5,5.0,5,4.0,5,66,3.742707957561203,79.25194506247948,15.121673675716318,421.2812441082718,1,76.33477391099527,4.833098412672864,97.46811189649833,20.569152540979985,36.83425706412541,93.17158553406705,1,0,1,75.43746990889606,73.54083755257452
240,Rylee Onstott,United States of America,Los Angeles,34.05,-118.24,other,,21,4.0,3.8,3.8,5.0,5,5.0,3,87,3.706421470668909,94.69712968348648,26.348304430477242,407.52353661989287,1,88.45295696650783,73.32743356289197,55.531586616482684,93.42733188924828,82.54193292912989,46.39368344485767,1,0,0,46.2261565250943,99.71324419491961
241,Kelli De Bartolome,United States of America,San Francisco,37.77,-122.42,F,,23,3.4,3.4,3.5,5.0,2,5.0,4,73,8.127995672575025,98.32250032938167,10.177713446847402,383.77720872479205,3,13.655721752623794,99.91441568865743,55.22057644303713,18.01334745685973,47.84482351751602,93.59432238175506,0,1,1,30.732787924854943,36.95784919489444
242,Thomas Chanlynn,United States of America,Bay Point,38.03,-121.96,M,,22,2.4,3.0,3.8,5.0,3,4.0,3,54,9.472485773838589,90.6772959178333,38.67095050448878,407.23920066290253,1,94.14532206259275,61.2196820524798,83.65049908931151,36.08565214165993,39.628004891795655,96.27795678852736,0,1,0,29.88479200653299,86.26626395429476
243,Andrew Yelich,United States of America,Boulder,40.02,-105.27,M,,24,2.0,3.9,3.3,5.0,4,4.0,4,83,9.860010638228708,74.06893907923293,89.99625577324566,424.65035305795635,1,52.068907138676245,94.39128931726941,25.19394182764978,25.02514780627445,4.383270675907502,17.112116051568037,1,1,1,46.91558149980219,8.653400233986607
244,Dimitri Castillo,Colombia,Dos Quebradas,4.84,-75.67,M,,21,3.9,3.0,3.8,3.0,2,4.0,4,55,7.533781852589416,83.8297541359537,58.72396079747505,338.5472025349983,4,60.14499168836925,11.257933120172126,4.854168080229327,18.0491384340105,94.78857040659771,83.9952978119363,1,1,0,42.011868445680115,54.36982024404683
245,Matthew Strasburger,United States of America,Los Angeles,34.05,-118.24,M,,21,3.9,3.9,2.9,5.0,4,4.0,4,71,3.762595855309158,95.47715166376196,9.94240434877549,416.61504107901817,2,11.57111720305355,15.188952051993843,14.335303897073548,33.38979184649209,46.08862319408972,21.51268956446146,0,0,0,59.400291218802415,49.375409571549945
246,Vittoria Faulkner,United States of America,Chicago,41.85,-87.65,F,,22,4.0,3.6,2.5,5.0,5,4.0,4,60,0.8350071669866876,96.75476704283317,54.233470816523344,429.8660518362977,1,23.747032037146766,86.21751772230071,86.18919673176757,85.50826675359475,67.25381426383983,57.152290815525596,1,1,0,4.3100424202627945,77.20629570163013
247,Tyler Goetz,United States of America,Los Angeles,34.05,-118.24,M,,22,3.7,3.5,2.8,5.0,5,4.0,2,97,7.771469159274368,78.67074399863615,26.58478049995969,357.22251260000286,3,95.67152499172522,23.46031475744096,37.88986781242676,95.23117182395693,8.30550387290664,24.36316563420671,0,0,0,91.14368168346144,56.69133134493334
248,Tyler Weller,United States of America,New York,40.71,-74.01,M,,22,3.7,3.2,3.1,5.0,4,3.0,5,65,5.58404249735805,87.85070724346178,50.11462023322489,380.8560202455555,3,40.93455159990731,89.04298845658444,5.060039579966736,49.99761177645193,49.31324616222687,97.7059426888884,0,0,1,19.865005924863222,99.65145192402781
249,Terri Mergelman,United States of America,Los Angeles,34.05,-118.24,F,,23,2.7,3.9,3.0,5.0,4,4.0,4,82,4.242220092469763,98.69852205503966,68.49321450077088,387.3052755886912,2,44.40807057723644,65.4653951762154,86.36086808338955,12.115488143806862,78.7312783234281,35.13621086238007,1,0,0,70.1400218827152,47.360243377485524
250,Abigail Orgeron,United States of America,Prior Lake,44.71,-93.42,F,,23,3.2,3.0,3.8,5.0,5,5.0,4,58,9.06354385094736,83.8724407468084,21.055707382633713,373.4609644931402,2,64.40992836308436,68.22934280017338,21.626989755684846,75.59831896505312,99.38416573027364,88.25969911165946,1,1,1,62.28968032222729,87.75821962452748
251,Jessica Huynh,Korea (Republic of),Seoul,37.6,126.98,F,,22,3.5,2.7,3.2,2.0,5,3.0,5,55,1.1119748230615134,70.71883368145609,2.306328722070994,269.53073335445134,1,97.253731698708,19.369915663660297,45.80700768720495,90.26583462488345,6.0003408497937505,60.32938786117346,0,0,0,65.53936722791408,51.51082069192089
252,Kyle Blanscet,United States of America,Sabattus,44.12,-70.11,M,,23,3.8,3.5,3.7,5.0,4,4.0,5,65,4.926251042908591,80.72107522900794,10.343651834870693,389.9259157575492,1,38.85230997451446,41.29843936060943,16.92551421273888,20.116348343631486,32.14274992178196,13.178510398023324,1,0,0,42.047537900437085,9.777037134971799
253,Ronald Toth,United States of America,Los Angeles,34.05,-118.24,M,,23,2.7,3.5,3.7,5.0,4,3.0,4,78,0.1135364476741906,85.90601080157924,52.82646370534367,396.7651872460586,3,54.595416648518146,34.037292333507395,47.64003420295183,13.997903266145418,29.425065255928594,67.12027658557547,0,1,0,28.90486497911169,62.893983945666285
254,Branden Cantrell,United States of America,Phoenix,33.45,-112.07,M,,23,2.7,4.0,3.9,5.0,5,5.0,5,52,4.686606419941263,74.6513063524972,49.68036975175677,405.0889748073489,1,61.23446022838412,26.13336800831504,44.738847341167975,43.1320223965852,24.078755681596007,35.144370331343055,0,1,0,75.95372022126577,46.31972693389128
255,Hannah Ratterman,United States of America,Los Angeles,34.05,-118.24,F,,23,3.5,3.4,3.7,5.0,2,5.0,5,69,0.5630327568183735,86.10148740245532,41.692216974395166,457.0273693609352,4,50.8028163625288,66.05621849191805,3.083334061444498,73.8796654019105,90.94155178624773,31.95713133200423,0,0,1,47.30335796863317,23.321098013553165
256,Alexandria Winter,United States of America,New York,40.71,-74.01,F,,24,3.8,3.8,2.2,5.0,5,3.0,4,85,1.1881791626807192,93.92069629646826,50.57031367684156,434.49449699749715,4,58.964656978232156,38.4256584455657,93.80753212863226,48.76739666874401,85.42910952008539,80.43891288991138,0,1,1,99.13425547803323,26.546906292973038
257,Ryan Russell,United States of America,Vacaville,38.36,-121.99,M,,22,3.0,3.4,3.7,5.0,3,5.0,3,68,1.1752624677710488,92.03146138866155,47.145356569395126,401.7322168145083,4,67.33648769671463,28.915015274706825,30.4245667092487,57.928487415179944,15.208651378635462,30.126731910957872,0,0,1,28.81465508629859,26.205654243719913
258,Logan Nighswonger,United States of America,Los Angeles,34.05,-118.24,M,,21,2.7,4.0,3.9,5.0,4,3.0,5,75,6.492103021160636,84.28059127366654,75.00556373425601,384.1768585470806,1,26.308602778884417,31.78707722278974,8.474237297939757,96.94000172323204,2.3680480675903337,39.2893813579779,0,1,1,92.32625784557135,63.21369664268298
259,Zaghlool al-Pasha,India,Deoria,26.5,83.79,M,,21,2.3,3.8,3.8,4.0,5,5.0,5,52,7.460448792654233,99.33656513369277,33.67637515852848,381.122718788251,1,37.32841594095986,75.67728658014695,30.11895376428958,6.158050239202007,3.1488816583148727,65.59525177381663,1,0,0,77.62712608257915,83.32490947916018
260,Madeline Kremke,United States of America,Montgomery Village,39.18,-77.2,F,,22,3.2,3.6,2.6,5.0,4,4.0,4,68,5.833687650971596,99.9031266237659,92.25150569839046,303.54408725500605,3,66.35704007100202,89.929428653225,60.780906535654644,34.13972163319291,74.80470227880697,60.29843489929748,1,1,0,81.4992721179809,87.3820936666204
261,John Ferry,United States of America,Long Beach,33.77,-118.19,M,,21,3.8,2.4,3.8,5.0,4,2.0,5,69,9.62172548474542,82.39085470062697,89.10139973254344,395.34282247418486,3,71.83552958326123,39.695192346167474,37.388250032317536,80.20489219970345,41.92374537560957,89.54822834090388,1,0,0,53.33372375050644,6.383657853438207
262,Michelle Goldanloo,United States of America,San Diego,32.72,-117.16,F,,22,3.3,2.8,3.9,5.0,5,5.0,4,81,3.748705795237041,88.5996470174128,21.200766860751884,412.11566244041035,4,74.26864088826308,10.003916302487104,18.656102924597906,11.079821371899989,76.95972662298942,50.897815626733056,0,0,0,82.2877835103715,73.64614997257122
263,Ryan Heidebrecht,United States of America,San Jose,37.34,-121.89,M,,22,3.9,3.7,3.8,5.0,5,3.5,5,56,2.8571208628186078,87.990244487158,70.44445490168131,482.8364442392558,3,41.96091782284709,84.83044210621229,62.9048514936194,35.90630046047448,88.76692083910038,35.63565047424112,0,1,1,22.47230910669615,89.63162624802153
264,Murtidevi Chung,Japan,Tokyo,35.69,139.75,F,,21,2.9,3.9,3.5,2.0,4,5.0,4,90,8.685991281894603,70.14933711337036,62.25769121839685,257.3509073333473,1,30.25441508697555,45.353602283652314,34.82084678116934,79.84798282527035,18.309822376273065,72.83137770324257,1,0,1,88.45498098571564,29.160597494080122
265,Arely Rodriguez,Mexico,Morelia,19.7,-101.12,F,,21,3.9,3.5,3.6,4.0,4,4.0,3,82,2.235958385194526,83.5823431021236,59.320018043612876,355.57064491460875,3,93.73958610065507,23.11084521695931,24.188909839344632,78.74465996720093,55.88025409614743,96.70734682552201,0,0,0,89.90042178577693,79.00199277472139
266,Taylor Stone,United States of America,Reno,39.53,-119.81,F,,22,3.0,3.0,3.5,5.0,5,5.0,3,89,9.632225394406111,89.39178519250683,62.38627113039378,403.6471396260771,3,94.36957754895946,51.32025235677147,14.312614930552936,91.47534371232031,42.516069036950164,37.84013322016487,1,1,0,41.496887062648305,21.05283567859241
267,Melody Bowyer,United States of America,Baytown,29.74,-94.98,F,,21,3.2,3.5,3.3,5.0,4,4.0,5,88,0.1215447468981634,75.57140160041148,28.086325381042776,405.6412551564374,3,52.47759001919202,40.584714824187486,5.83374272169025,31.649530581998953,42.354734933934225,88.4644158645036,0,1,0,28.409619834399457,13.519516284361266
268,Bryant Ronquillo,Mexico,Aguascalientes,21.88,-102.3,M,,20,4.0,3.2,3.5,4.0,3,5.0,3,67,9.69878826707639,70.52512295089818,24.911821488276786,303.7137500064953,4,8.656929265291547,19.318425509293803,91.4226248202355,65.39239097715418,92.51682210866173,58.389603618292085,0,1,0,75.32955868527121,31.99767171071539
269,Garrett Heim,United States of America,Mobile,30.69,-88.04,M,,20,4.0,3.2,3.1,5.0,4,4.0,5,89,0.4315991195057611,92.90658035854241,76.12836877291892,331.80510742749107,2,34.927149170430525,99.14590346262926,14.141789306194452,63.870721943206,92.8625973176389,62.046275828934895,1,1,0,37.08592138542429,2.943589880483566
270,Cody Amen,United States of America,Las Vegas,36.17,-115.14,M,,23,3.6,3.9,3.7,5.0,4,4.0,4,50,8.911431136980712,86.56884670357049,56.58674707727749,335.449513594994,3,15.907576030573411,6.56223766190055,86.17475002025814,65.28314592927211,98.20357811647425,53.81808951168799,0,1,1,39.13914418880016,72.20479759420748
271,Jasmine Lopez,Brazil,Guaxupé,-21.3,-46.7,F,,21,3.8,3.8,1.5,4.0,4,3.0,4,60,5.277011090862999,84.5373185415103,89.4731405725998,360.8198807912246,4,61.30004138741961,97.14278169402787,32.93948023798794,90.56203012148578,29.091482949021763,40.96391166457485,1,0,0,68.85889657753154,50.81120745562602
272,William Tierney,United States of America,New York,40.71,-74.01,M,,21,3.8,2.1,3.0,5.0,3,4.0,4,77,9.929647961193004,72.05906082550932,13.290416258752192,290.49344190972425,1,13.357752513355104,76.38510718767097,19.020180385645315,7.141275813330594,89.84663779924674,68.08946048835678,1,0,0,68.3981823253672,14.175693026273372
273,Matthew Sputh,United States of America,Modesto,37.64,-121.0,M,,22,3.2,2.6,4.0,5.0,3,3.0,5,74,0.7379656473539886,85.97319826797597,56.47551575255161,297.65621400060445,4,2.105954646224961,62.510437325723366,79.13128724013465,95.9313263695723,29.570695329577003,47.14562137807003,1,1,0,90.61094295091746,50.723080392302236
274,Brenna Chapman,United States of America,Las Vegas,36.17,-115.14,F,,21,3.5,3.8,3.3,5.0,5,4.0,5,99,5.538542844013207,89.71061805925987,34.65197988345621,330.561823601988,1,47.6063637054299,81.87435766720495,73.90180676107146,36.971560223063726,21.351565983402065,30.050495138680954,0,1,1,83.6554632038964,12.381376590511117
275,Blake Loughran,United States of America,San Francisco,37.77,-122.42,M,,21,4.0,3.0,3.4,5.0,4,3.0,4,72,9.69302535619099,89.000100408082,70.2932798671407,426.22820619821107,2,13.013517327373558,2.054013248050568,35.47184788727168,72.15348278552308,22.596377129198363,60.93676068879819,0,0,1,88.40923792545834,88.50647393253303
276,Michael Melendrez,United States of America,Shreveport,32.52,-93.75,M,,22,3.4,3.8,3.2,5.0,4,4.0,4,80,5.230978441701488,90.42853673893244,83.85420576364525,309.4553585288914,4,35.52467774651876,5.0268513220731,67.23019623416077,39.9849597601587,14.726019065977859,2.860263831518206,1,1,0,16.08922053148435,56.93384528607174
277,Katie Abercrombie,United States of America,Stockton,37.96,-121.29,F,,21,3.8,3.8,3.6,5.0,3,5.0,4,79,6.293986381352625,70.6734060854024,41.27863062917806,449.4749531725222,1,56.374950033132365,51.282504391877005,46.27362236810001,63.82160657317761,53.032085586052055,31.130199989309805,1,1,1,67.7244611950402,20.594649827514
278,Justin Krause,United States of America,Independence,39.09,-94.42,M,,21,3.9,2.6,2.8,5.0,3,5.0,5,91,6.957486889846171,70.91368570090337,11.450124872462519,425.8117832650371,4,58.97300009328745,11.842418875885418,25.802486305777826,82.40787281439977,17.297853836623634,50.4895709979113,1,0,0,84.71587607464122,81.83586706767669
279,Jennifer Hauge,United States of America,Los Angeles,34.05,-118.24,F,,23,2.6,3.0,2.3,5.0,4,4.0,4,84,4.545410647677732,79.34055547221622,26.347694043836146,264.73814489134026,1,71.53446123255132,55.41155777211535,14.222763509031633,76.26634252691369,5.758612739598856,72.89095240465589,0,1,1,83.8385667020306,88.9762064360505
280,Tiffanie Her,Japan,Tokyo,35.69,139.75,F,,22,3.4,4.0,3.6,3.0,4,4.0,3,56,6.275580800840634,81.42838665657372,94.69458861427684,394.2470756791837,1,3.886494341417479,24.435178543595505,16.673022665693203,51.66748823077708,20.4252718742014,9.979728093748907,1,0,1,31.622511060907122,60.652126347465654
281,Dyllan Paige,United States of America,Sugar Land,29.62,-95.63,M,,20,2.9,3.1,2.6,5.0,5,5.0,4,65,5.843143119231002,82.13432276570809,85.98337232308428,304.6097269858188,3,3.381961222195451,74.4509746322926,63.060760824969776,0.024855029985804133,23.273165878637847,36.007760155826965,0,1,1,50.15342890884622,16.630746145187246
282,Cole Hathcoat,United States of America,Lemoore,36.3,-119.78,M,,23,2.4,3.6,2.8,5.0,3,5.0,5,75,9.01158010490989,71.99707548932713,62.61764344522497,369.7037503800029,2,49.85843896048582,67.33064640699166,86.67352484863787,9.260789199517882,19.30415642072131,23.22821260224862,0,0,0,93.81268986238534,94.29139054276946
283,Jesse Carballo,Colombia,Bogotá,4.65,-74.06,M,,20,3.8,3.9,3.9,4.0,5,4.0,4,97,0.4544638034145787,79.51525263357186,11.630359092005026,389.8656257940194,1,72.4069957884362,46.54737255337766,76.07723465130589,94.2974963166614,67.43760283066932,61.48069958676672,0,0,0,67.97512522269174,42.683797944221034
284,Robert Podolski,United States of America,Oakland,37.8,-122.27,M,,22,3.7,3.3,2.4,5.0,4,4.0,4,98,2.809631895922303,97.43631700306344,65.26501452128322,420.62046872590633,3,43.79727346344466,98.16092674719799,21.097944628282185,18.46795052837701,19.698701830346522,86.07504892693122,1,0,1,9.584778648672065,89.88877592430907
285,Viridiana Ballesteros,Brazil,Alfenas,-21.43,-45.95,F,,22,2.8,3.5,3.9,4.0,4,5.0,5,51,9.504114840765588,91.24695754836812,26.27832003856906,361.0655585467435,3,43.56198958231143,76.29287378774879,60.08041844181595,54.30481721427323,83.42516860972094,35.527452566679216,0,1,0,95.2911173758059,56.21486884736818
286,Michael Griffin,United States of America,New York,40.71,-74.01,M,,21,4.0,4.0,4.0,5.0,3,5.0,5,50,8.902637838909163,74.53187261448706,29.45636003404104,348.0652628030187,2,70.69937932540039,32.80500010060579,94.42525714487884,96.78228300404311,68.39462141489743,11.434893630026489,0,1,1,54.799105486630374,81.54127955150558
287,Chad Klemp,United States of America,San Diego,32.72,-117.16,M,,22,3.9,2.6,4.0,5.0,4,4.0,5,97,4.55656752785713,84.67925966299296,10.260009985383778,445.04579136419267,1,65.54959595475364,69.13484944102143,13.939444001999146,4.615714738108712,60.70107345122773,6.949438485305526,1,1,1,64.54847906373395,51.56400238551823
288,Weldon Hightower,United States of America,New York,40.71,-74.01,M,,20,2.6,2.1,3.2,5.0,4,5.0,5,61,6.201325978015367,83.13509349328898,12.735309059901834,259.41292207378297,1,19.649956033457794,58.121664111180834,7.85092626884788,87.30021310343713,90.69326133440663,45.50776518488382,0,0,1,77.11889201586062,20.527746730921702
289,Daniel Pierce,United States of America,New York,40.71,-74.01,M,,24,3.3,2.8,3.9,5.0,5,4.0,5,54,2.7738118298113266,81.63215198514322,88.74210531175241,442.2654835272388,3,60.76997875155381,51.87409017568147,94.19016340855572,40.30260157349349,27.043084982730914,57.33351392979172,0,0,1,80.12911797361248,89.1283304492349
290,Michaela Schoenbeck,United States of America,Rexburg,43.83,-111.79,F,,22,3.9,4.0,3.3,5.0,5,4.0,4,86,1.881211597237613,91.26784259586978,91.1206857859225,368.4992569044933,4,11.125578681018556,37.86209445653091,51.581710500606114,8.1559369568725,33.52490069435876,85.54230123183649,1,0,0,28.486530786162835,97.1497113658003
291,Charles Prose,United States of America,Miami,25.77,-80.19,M,,24,3.7,3.2,2.8,5.0,4,4.0,5,81,4.636984049399821,98.81549490008291,43.142393342324205,403.74686205344597,3,51.52997908594591,63.39165005135061,49.61514554838578,4.883058666320739,32.066650490180116,1.9583137699166198,0,0,1,1.8040161755004447,96.50968603685946
292,Brittany Kemmerzell,United States of America,New York,40.71,-74.01,F,,23,3.2,3.4,3.7,5.0,4,5.0,3,58,3.533522280260528,79.07972439004466,98.98635529759432,408.5898065966414,4,3.6701061809989333,19.36299153014899,40.538135312679415,75.22125007176442,94.49359199889051,9.344493131862242,0,1,1,99.07284186410682,21.84545316437102
293,Taryn Springfield,Canada,Vancouver,49.25,-123.13,F,,20,3.5,3.7,3.4,5.0,5,5.0,5,90,5.836561118508721,75.13605984918485,20.021004475294347,321.87677135834605,1,26.020177875562112,0.15131462839673704,29.620721720445676,94.52590723210969,40.72403191554529,21.894770037164957,0,1,1,93.6074291829303,84.2035689240116
294,Matthew Obourn,United States of America,San Diego,32.72,-117.16,M,,23,3.9,4.0,3.9,5.0,4,4.0,4,84,0.7773463696498484,78.10376805285188,8.346981800826347,354.4191555642411,4,66.57441410884618,15.960321888671691,3.641669614426557,50.5415998279694,46.37753599395762,84.73644655736291,0,1,0,37.93061752578682,45.6262704682584
295,Travis Poss,United States of America,Los Angeles,34.05,-118.24,M,,23,2.3,3.0,3.5,5.0,1,5.0,5,68,9.743948076661663,72.60326418503175,14.95448521018059,290.9070644038571,3,88.8140566725697,37.63509528181211,84.05712619730281,92.57628097546163,86.74793762064382,84.42802796566454,1,1,0,31.19085732058735,99.04354167985113
296,Brittany Fernandez,Mexico,Zamora,19.98,-102.27,F,,23,3.9,3.7,2.9,4.0,3,4.0,4,97,9.86210744479603,74.33595752880247,48.02591439158458,307.99330642702745,2,80.65486038360035,70.38624234426514,53.251092416648405,68.12861588537199,69.91636822338037,93.87778218645336,0,0,1,31.0490478379279,23.6035544068282
297,Cody Smith,United States of America,Charlotte,35.23,-80.84,M,,23,3.8,3.5,3.9,5.0,5,2.0,5,65,6.981617140197452,97.71628839767654,42.30099097484952,463.81459487317335,3,50.16146960755603,37.26286467499603,75.93503898328471,0.6748358258146792,80.41760127167677,56.08191486862967,1,0,1,90.1431432223388,99.76217497690544
298,Nicolas Papp,United States of America,New York,40.71,-74.01,M,,23,2.7,3.7,3.9,5.0,5,4.0,4,52,5.360963663441204,99.62891143863881,65.13328189541264,390.28741736193547,2,32.50457705699059,94.73911185302927,76.62373429814909,61.9720422134452,42.33922339971535,8.679048125994203,0,1,0,17.75686745024241,65.70367291791206
299,Christopher Inhulsen,United States of America,Fort Worth,32.73,-97.32,M,,23,3.1,3.3,2.9,5.0,2,4.0,4,69,3.0952761628632777,84.48330660583429,63.20897710250487,359.1729915685983,2,9.701440773560766,31.20385588132464,56.279045285051076,29.86956026904839,40.91116031534969,77.81909759923832,0,1,0,3.649560343826197,45.51774257022818
300,Tessa Rawanduzy,United States of America,Derby,37.55,-97.27,F,,21,3.3,3.3,2.0,5.0,3,3.0,5,73,8.137950197069486,80.25267889952244,95.86631893999528,277.45111933578573,2,26.740004318617817,20.795729399961303,44.75094492324565,85.54431622023519,6.895098674706079,26.113304456969466,1,0,0,48.1445348324194,9.078098958844915
301,Vanessa Gonzalez,Nicaragua,León,12.44,-86.88,F,,24,3.3,3.7,3.8,3.0,5,5.0,4,82,6.847311725538793,80.32791107487542,92.92653108119863,365.9808641570796,1,36.897022139549364,73.62535110327933,84.4846793096759,32.11666844823837,17.160839651929372,20.66589454327873,1,1,0,34.340978257897405,65.70562769274376
302,Austin Haas,United States of America,Columbus,39.96,-83.0,M,,20,3.6,3.7,3.1,5.0,4,5.0,5,73,1.626169393448913,95.98949062490492,63.98571522551691,364.5373700677942,4,22.26935627604568,9.585370304377728,12.322845580179454,17.241047995329062,61.68255730501744,50.19204838506782,1,0,0,53.84446939643228,92.05481515640867
303,Madison Fithian,United States of America,Los Angeles,34.05,-118.24,F,,20,3.6,3.9,4.0,5.0,5,5.0,3,60,9.109271844938425,98.27743674811848,89.14999671214917,442.60935225789575,2,43.004275960860404,22.456688642124277,98.58368017857539,85.83695596508178,4.402885748833163,75.96958338949727,0,1,1,16.38781471401387,52.73517026070264
304,Zachary Mulvahill,United States of America,Los Angeles,34.05,-118.24,M,,20,3.2,3.4,3.9,5.0,5,5.0,3,98,8.22537242923169,98.03103876955888,45.38991832924173,434.54322720171734,4,98.75798353684704,51.23292384784149,7.354241178062415,27.525151294025797,9.560430931122987,54.15762731291078,0,0,0,41.29577275525605,1.1116320194277107
305,Eliana Michelsen,United States of America,Oakland,37.8,-122.27,F,,23,3.0,2.8,2.9,5.0,4,4.0,5,57,9.49799913291924,82.28778440902285,68.20907728105853,397.1628874433787,1,52.221045021107194,96.25189354987465,18.081283559830872,49.25438864697986,62.05104982618773,28.906206141763036,0,0,0,71.55724734828154,9.24669096166345
306,Dane Whittemore,Canada,Toronto,43.67,-79.42,M,,21,3.8,3.2,4.0,5.0,5,4.0,5,85,7.2571950838836,93.93617921242897,79.03580923744568,356.89792227296897,1,67.8613853627078,91.35156361832684,49.904560208602554,7.211558223967418,15.349011363502074,40.009460136927984,0,0,0,8.690444426321553,25.626111391509642
